Otu	X43	X200	X1000
Otu001	22431	35722	35708
Otu002	6742	15580	7110
Otu003	80	178776	11094
Otu004	974	140225	18769
Otu005	130	72184	3519
Otu006	189	18284	1606
Otu007	77	18740	5656
Otu008	96	10763	441
Otu009	17	33	31
Otu010	35656	20542	13731
Otu011	745	26550	9010
Otu012	33	2764	3460
Otu013	1189	16848	7526
Otu014	930	1391	11131
Otu015	62	15403	11683
Otu016	43	11642	1498
Otu017	46	69	324
Otu018	102	11928	2664
Otu019	116	9477	363
Otu020	3570	1977	210
Otu021	33	16539	5640
Otu022	49	2280	103
Otu023	172	28860	4437
Otu024	48	17119	7336
Otu025	90	11823	2107
Otu026	13595	6792	4248
Otu027	7	13	8
Otu028	9	3	5
Otu029	35	2227	2469
Otu030	455	14167	56901
Otu031	75	6677	7323
Otu032	154	294	108
Otu033	23	5962	1843
Otu034	25	5451	2986
Otu035	16453	4665	1893
Otu036	641	2585	636
Otu037	546	561	3183
Otu038	3	5	6
Otu039	29	2470	213
Otu040	11	139	610
Otu041	14	3402	2713
Otu042	714	495	1670
Otu043	37	11709	12360
Otu044	112	13038	1306
Otu045	6	10	7
Otu046	27	6526	318
Otu047	6	3	2
Otu048	7	597	869
Otu049	4	9	1389
Otu050	115	3792	1702
Otu051	4	3	5
Otu052	2	5	3
Otu053	2854	11896	7482
Otu054	1	2	1
Otu055	12692	2141	794
Otu056	532	563	86
Otu057	4	6	3
Otu058	63	6945	452
Otu059	4	1283	648
Otu060	2062	324	84
Otu061	1	1	2
Otu062	4	5	3
Otu063	13	1272	123
Otu064	7	80	485
Otu065	8	335	582
Otu066	189	2347	832
Otu067	8	663	147
Otu068	12	1101	147
Otu069	3	4	2
Otu070	0	1614	49
Otu071	6	1362	44
Otu072	56554	2822	980
Otu073	3	130	2151
Otu074	8	237	504
Otu075	333	437	533
Otu076	3653	881	241
Otu077	4	6	0
Otu078	8	67	170
Otu079	5	4	4
Otu080	88	17571	21142
Otu081	2	59	31
Otu082	37820	2292	1495
Otu083	4	450	17
Otu084	4	433	77
Otu085	4	5	62
Otu086	32	1878	3912
Otu087	9	475	551
Otu088	42	1011	743
Otu089	126	2111	515
Otu090	38	3782	6606
Otu091	9	729	167
Otu092	45	1763	2129
Otu093	0	2813	240
Otu094	2	2	1
Otu095	52	1015	1910
Otu096	2	435	155
Otu097	1	1	2
Otu098	60	7162	1285
Otu099	5	39	189
Otu100	1	20	255
Otu101	9	957	686
Otu102	4	291	50
Otu103	37	1011	117
Otu104	3	1329	53
Otu105	2	0	0
Otu106	9	4275	4125
Otu107	1	2	0
Otu108	7	22	79
Otu109	4312	4259	136495
Otu110	15	80	944
Otu111	1	3	0
Otu112	12	3245	1124
Otu113	12	1033	2454
Otu114	2	218	2119
Otu115	4	628	165
Otu116	4	129	11
Otu117	3	0	2
Otu118	0	1	0
Otu119	5	286	14
Otu120	3	896	623
Otu121	3	1	1
Otu122	22	1263	7992
Otu123	222	1555	13429
Otu124	1	140	44
Otu125	7	658	454
Otu126	84	11882	8903
Otu127	1	4	1
Otu128	5	182	1226
Otu129	44	383	196
Otu130	357	310	777
Otu131	4	345	50
Otu132	15	287	477
Otu133	43	6578	8948
Otu134	11806	927	2931
Otu135	1	0	2
Otu136	4	54	123
Otu137	4	407	820
Otu138	126	18	43
Otu139	0	2	17
Otu140	0	0	1
Otu141	3	1	94
Otu142	4	60	51
Otu143	1	79	70
Otu144	4	65	237
Otu145	4	225	703
Otu146	1	88	11
Otu147	199	6141	12596
Otu148	58	6822	14129
Otu149	120	161	148
Otu150	4	1357	255
Otu151	1	0	0
Otu152	65	501	267
Otu153	0	1	8
Otu154	0	0	0
Otu155	139	623	56
Otu156	0	0	1
Otu157	0	2	0
Otu158	1	109	16
Otu159	25	132	13
Otu160	1	0	0
Otu161	1	2	37
Otu162	2	2	0
Otu163	13	337	166
Otu164	1	1	0
Otu165	678	507	31
Otu166	0	9	3
Otu167	0	150	1235
Otu168	186	206	2206
Otu169	1	778	311
Otu170	80	37	301
Otu171	175	166	9
Otu172	1	15	7
Otu173	38	275	619
Otu174	1	121	10
Otu175	0	0	1
Otu176	0	0	1
Otu177	1	122	414
Otu178	2	0	3
Otu179	17	774	143
Otu180	34	39	57
Otu181	34	98	39
Otu182	23	413	150
Otu183	1	2	0
Otu184	36	655	310
Otu185	77	20	583
Otu186	1	87	176
Otu187	3	1	0
Otu188	1	0	0
Otu189	7	121	1077
Otu190	1	0	0
Otu191	0	0	39
Otu192	1	77	22
Otu193	105	146	11
Otu194	78	162	10
Otu195	8	187	4171
Otu196	0	3	64
Otu197	0	209	32
Otu198	0	32	32
Otu199	25	29	3
Otu200	4	294	246
Otu201	8	266	239
Otu202	4	262	209
Otu203	1	353	22
Otu204	0	1	5
Otu205	4727	525	540
Otu206	0	5	82
Otu207	0	37	72
Otu208	0	1	1
Otu209	4	42	12
Otu210	1	383	58
Otu211	13	120	7
Otu212	48	331	794
Otu213	5	236	69
Otu214	2	0	58
Otu215	1	0	0
Otu216	1	0	0
Otu217	50	24	154
Otu218	3	63	53
Otu219	2	203	43
Otu220	6	285	25
Otu221	24	34	16
Otu222	1939	555	282
Otu223	24	53	39
Otu224	3	31	8
Otu225	0	2	16
Otu226	0	1	0
Otu227	0	1302	150
Otu228	143	150	123
Otu229	0	9	0
Otu230	0	0	2
Otu231	1	1	8
Otu232	1	383	345
Otu233	29	68	66
Otu234	1	0	0
Otu235	0	594	173
Otu236	0	1	66
Otu237	0	33	12
Otu238	1	122	72
Otu239	41	70	40
Otu240	2	327	19
Otu241	25	10030	9166
Otu242	6	1628	6173
Otu243	1	121	99
Otu244	2	270	20
Otu245	0	13	16
Otu246	29	3391	6935
Otu247	0	0	0
Otu248	108	5380	1285
Otu249	1	1	119
Otu250	2	864	217
Otu251	6	208	2353
Otu252	0	324	16
Otu253	3	342	74
Otu254	1	1	6
Otu255	17	255	1823
Otu256	1	51	55
Otu257	0	0	1
Otu258	1	0	0
Otu259	63	4	16
Otu260	6	277	73
Otu261	2	0	5
Otu262	35	66	34
Otu263	176	46	790
Otu264	14	35	17
Otu265	0	2	13
Otu266	1	1	0
Otu267	1	1	0
Otu268	102	176	1360
Otu269	9	184	63
Otu270	51	10	42
Otu271	3	217	31
Otu272	0	0	6
Otu273	0	2	1
Otu274	1	1	1
Otu275	0	7	31
Otu276	20	40	19
Otu277	51	110	2092
Otu278	8	12	80
Otu279	1	0	0
Otu280	135	124	92
Otu281	14241	643	62
Otu282	72	131	52
Otu283	893	107	240
Otu284	5	89	132
Otu285	3	71	171
Otu286	0	180	161
Otu287	1	151	63
Otu288	2	12	30
Otu289	1	11	4
Otu290	3	750	611
Otu291	1101	408	383
Otu292	65	38	53
Otu293	15	6	3
Otu294	1	0	0
Otu295	0	131	69
Otu296	1	0	3
Otu297	0	0	2
Otu298	3	1	18
Otu299	13	5153	3852
Otu300	50	318	315
Otu301	11028	458	94
Otu302	1	4	0
Otu303	31	38	678
Otu304	4	27	9
Otu305	0	110	114
Otu306	1	166	46
Otu307	186	65	36
Otu308	90	39	5
Otu309	6	13	4
Otu310	3	315	36
Otu311	21	332	170
Otu312	0	204	7
Otu313	0	1	0
Otu314	1	7	39
Otu315	20	57	5
Otu316	2	3	5
Otu317	34	158	137
Otu318	133	49	60
Otu319	21	25	58
Otu320	3	304	59
Otu321	10	21	29
Otu322	0	147	10
Otu323	0	1	2
Otu324	0	94	18
Otu325	0	78	18
Otu326	1	153	12
Otu327	13	1	5
Otu328	12	34	45
Otu329	16	19	36
Otu330	27	45	33
Otu331	14	36	0
Otu332	1	2	0
Otu333	2	602	152
Otu334	1384	85	19
Otu335	1	2	2
Otu336	1	0	0
Otu337	2	80	74
Otu338	0	0	40
Otu339	1	362	13
Otu340	6	584	1396
Otu341	9	1614	932
Otu342	38	14	110
Otu343	6	53	91
Otu344	0	121	47
Otu345	1	0	0
Otu346	1	2303	868
Otu347	4	122	175
Otu348	3	14	7
Otu349	63	177	248
Otu350	22	13	142
Otu351	43	34	98
Otu352	51	192	46
Otu353	13	55	25
Otu354	0	21	23
Otu355	7	16	3
Otu356	0	62	1
Otu357	20	571	130
Otu358	1	225	35
Otu359	0	186	20
Otu360	32	65	18
Otu361	31	25	13
Otu362	2	0	1
Otu363	33	2863	8300
Otu364	8	22	47
Otu365	0	54	1
Otu366	25	52	1
Otu367	63	55	223
Otu368	2	1127	87
Otu369	0	2	79
Otu370	1	2	16
Otu371	3	10	323
Otu372	82	21	274
Otu373	67	258	248
Otu374	3	86	59
Otu375	5	6	43
Otu376	0	2	19
Otu377	8	24	6
Otu378	1	0	1
Otu379	0	1	0
Otu380	0	24	223
Otu381	6	3	2
Otu382	23	254	3248
Otu383	11	11	66
Otu384	5	5	43
Otu385	1	77	33
Otu386	20	16	17
Otu387	0	11	15
Otu388	0	0	1
Otu389	1	99	86
Otu390	2	14	1
Otu391	14	66	24
Otu392	36	30	14
Otu393	0	81	5
Otu394	0	74	5
Otu395	0	0	1
Otu396	2	738	299
Otu397	5	16	257
Otu398	5	7	56
Otu399	1	348	24
Otu400	0	1	6
Otu401	0	0	4
Otu402	684	2896	476
Otu403	4	8	45
Otu404	9	6	28
Otu405	2	181	17
Otu406	2	1	0
Otu407	46	1	8
Otu408	2	26	3
Otu409	0	0	3
Otu410	2	9	0
Otu411	29	485	3089
Otu412	10	897	1636
Otu413	63	184	534
Otu414	46	208	162
Otu415	0	311	95
Otu416	1	82	50
Otu417	1310	72	47
Otu418	1	16	1
Otu419	0	0	1
Otu420	14	1496	2411
Otu421	0	100	3
Otu422	0	90	2
Otu423	8	1	0
Otu424	2	92	970
Otu425	1356	1692	507
Otu426	6	9	44
Otu427	0	0	6
Otu428	5	7	2
Otu429	120	6109	6806
Otu430	31	103	152
Otu431	70	134	95
Otu432	3	30	73
Otu433	77	44	18
Otu434	0	61	15
Otu435	4	12	2
Otu436	4	296	2841
Otu437	65717	2824	468
Otu438	7	27	11
Otu439	0	0	8
Otu440	1	162	6
Otu441	38	333	3577
Otu442	1	3161	106
Otu443	2	194	91
Otu444	4	3	45
Otu445	81	83	14
Otu446	38	83	6
Otu447	32	10	6
Otu448	0	0	2
Otu449	1	1	0
Otu450	0	1	0
Otu451	15	1338	740
Otu452	5	100	271
Otu453	2	17	237
Otu454	4775	217	111
Otu455	1	598	78
Otu456	0	144	16
Otu457	8	40	15
Otu458	3	41	9
Otu459	0	41	6
Otu460	2	37	3
Otu461	0	0	3
Otu462	8	151	98
Otu463	0	13	42
Otu464	11	134	38
Otu465	122	9	19
Otu466	34	24	3
Otu467	1	34	178
Otu468	4	34	49
Otu469	4	4	33
Otu470	0	20	18
Otu471	20	8	9
Otu472	0	50	3
Otu473	7	17	2
Otu474	0	2	2
Otu475	20	190	1501
Otu476	16	354	751
Otu477	120	357	200
Otu478	67	44	116
Otu479	0	135	36
Otu480	4	5	36
Otu481	0	60	29
Otu482	2	5	18
Otu483	37	28	16
Otu484	1	124	14
Otu485	293	37	11
Otu486	0	78	8
Otu487	0	25	1
Otu488	0	1	0
Otu489	208	79	94
Otu490	1	29	82
Otu491	1	250	63
Otu492	4210	220	51
Otu493	128	47	35
Otu494	24	66	20
Otu495	2	24	14
Otu496	47	13	8
Otu497	2	30	7
Otu498	1	3002	1150
Otu499	3	85	692
Otu500	6	496	262
Otu501	335	813	200
Otu502	16	11	158
Otu503	0	0	59
Otu504	4	11	36
Otu505	0	8	34
Otu506	3	158	27
Otu507	240	622	22
Otu508	0	17	18
Otu509	1	9	18
Otu510	448	43	15
Otu511	25	12	14
Otu512	1	2	10
Otu513	2	17	9
Otu514	0	4	7
Otu515	0	0	2
Otu516	1	0	1
Otu517	2	9	0
Otu518	48	401	20397
Otu519	185	79	937
Otu520	74	12	78
Otu521	1	47	29
Otu522	34	23	19
Otu523	31	25	18
Otu524	11	32	5
Otu525	0	4	0
Otu526	1446	2166	3184
Otu527	115	231	1574
Otu528	6	26	358
Otu529	5	40	184
Otu530	3	449	88
Otu531	12	63	43
Otu532	0	45	42
Otu533	2	2	37
Otu534	2	103	25
Otu535	9	17	20
Otu536	1	2	19
Otu537	0	132	15
Otu538	0	6	9
Otu539	1	15	8
Otu540	5	15	6
Otu541	0	24	5
Otu542	0	1	1
Otu543	17	553	768
Otu544	8	53	52
Otu545	5	32	36
Otu546	4	0	7
Otu547	0	7	6
Otu548	1	47	2
Otu549	0	22	1
Otu550	33	965	1258
Otu551	2	24	83
Otu552	1	35	68
Otu553	2	23	40
Otu554	85	54	33
Otu555	9	7	29
Otu556	38	47	11
Otu557	1	2	11
Otu558	12	37	5
Otu559	1	3	5
Otu560	6	9	4
Otu561	66	15	3
Otu562	0	15	3
Otu563	1	0	3
Otu564	745	62	327
Otu565	0	16	303
Otu566	2	12	26
Otu567	2	47	20
Otu568	3	2	13
Otu569	52	28	11
Otu570	12	13	9
Otu571	7	4	6
Otu572	0	16	5
Otu573	8	35	4
Otu574	0	57	3
Otu575	0	77	1
Otu576	1	0	1
Otu577	50	2228	8622
Otu578	83910	3461	491
Otu579	12	19	301
Otu580	10	38	65
Otu581	785	33	23
Otu582	0	28	22
Otu583	15	223	15
Otu584	15	7	8
Otu585	23	15	5
Otu586	1	12	5
Otu587	3	7	2
Otu588	51	4	2
Otu589	1	1	0
Otu590	3	0	0
Otu591	1027	2027	2309
Otu592	3	250	1312
Otu593	4	157	1171
Otu594	127	234	228
Otu595	2	26	127
Otu596	15	42	63
Otu597	0	177	56
Otu598	15	51	42
Otu599	1	0	34
Otu600	179	18	19
Otu601	40	21	17
Otu602	9	10	17
Otu603	0	0	16
Otu604	10	11	10
Otu605	0	20	8
Otu606	0	1	7
Otu607	29	19	6
Otu608	0	43	5
Otu609	0	42	4
Otu610	26	11	4
Otu611	0	1	4
Otu612	1	79	3
Otu613	0	7	3
Otu614	0	4	3
Otu615	9	128	812
Otu616	0	34	392
Otu617	2	5	151
Otu618	87	64	94
Otu619	9	26	60
Otu620	73	329	54
Otu621	1	43	26
Otu622	0	13	24
Otu623	3	378	19
Otu624	58	29	19
Otu625	0	14	18
Otu626	2	55	15
Otu627	0	13	11
Otu628	1	7	5
Otu629	1	42	3
Otu630	0	68	2
Otu631	20	11	2
Otu632	0	4	2
Otu633	19	3	2
Otu634	0	1	2
Otu635	1	13	0
Otu636	0	6	0
Otu637	72	8701	7235
Otu638	28	2908	2831
Otu639	17	461	1731
Otu640	0	61	493
Otu641	2	9	300
Otu642	1	336	124
Otu643	0	26	89
Otu644	1	79	45
Otu645	274	16	37
Otu646	768	52	34
Otu647	4	13	19
Otu648	1	2	14
Otu649	0	4	13
Otu650	3	4	11
Otu651	3	2	11
Otu652	78	7	5
Otu653	1	2	4
Otu654	257	18	3
Otu655	0	9	3
Otu656	22	6	3
Otu657	0	2	3
Otu658	0	4	1
Otu659	0	1	1
Otu660	0	5	0
Otu661	0	1	0
Otu662	23	212	2831
Otu663	12	488	104
Otu664	4	339	59
Otu665	9	211	46
Otu666	2	25	22
Otu667	1394	74	19
Otu668	0	51	18
Otu669	10	10	17
Otu670	4	32	16
Otu671	9	53	14
Otu672	52	36	14
Otu673	1	4	13
Otu674	3	2	10
Otu675	1	93	9
Otu676	19	15	8
Otu677	0	112	7
Otu678	1	14	7
Otu679	0	5	7
Otu680	1	4	5
Otu681	1	0	5
Otu682	0	217	4
Otu683	0	13	4
Otu684	2	4	4
Otu685	0	3	4
Otu686	66	13	3
Otu687	0	0	3
Otu688	0	3	2
Otu689	0	1	2
Otu690	0	1	1
Otu691	0	0	1
Otu692	1	3	0
Otu693	0	72	3185
Otu694	104	396	2360
Otu695	79	390	1248
Otu696	79	703	539
Otu697	31	729	350
Otu698	1	229	231
Otu699	44607	1683	212
Otu700	1	77	116
Otu701	27	207	81
Otu702	2331	115	80
Otu703	986	59	53
Otu704	2	103	39
Otu705	941	48	32
Otu706	4	21	18
Otu707	0	1	17
Otu708	4	24	16
Otu709	2	17	13
Otu710	0	1	13
Otu711	2	1	8
Otu712	0	56	6
Otu713	0	32	6
Otu714	3	3	6
Otu715	102	6	5
Otu716	88	5	5
Otu717	0	1	5
Otu718	1	8	4
Otu719	1	3	4
Otu720	2	1	4
Otu721	1280	36	3
Otu722	0	4	2
Otu723	0	10	1
Otu724	0	1	1
Otu725	0	0	1
Otu726	0	0	1
Otu727	38	3	0
Otu728	0	2	0
Otu729	3	674	1901
Otu730	14	713	1303
Otu731	1	27	398
Otu732	18	98	346
Otu733	6	430	266
Otu734	590	91	211
Otu735	0	0	111
Otu736	280	43	48
Otu737	3	23	44
Otu738	0	52	42
Otu739	8	23	37
Otu740	0	19	35
Otu741	11	41	32
Otu742	1	32	32
Otu743	12	35	31
Otu744	0	14	30
Otu745	176	10	28
Otu746	8	20	27
Otu747	6	15	23
Otu748	17	7	20
Otu749	77	24	16
Otu750	0	12	15
Otu751	0	11	14
Otu752	2	25	12
Otu753	2	1	11
Otu754	23	11	8
Otu755	10	11	8
Otu756	0	49	7
Otu757	12	12	7
Otu758	5	8	7
Otu759	0	5	7
Otu760	10	36	5
Otu761	14	3	3
Otu762	0	2	3
Otu763	633	28	2
Otu764	0	24	2
Otu765	0	0	2
Otu766	0	0	2
Otu767	0	0	2
Otu768	1	7	1
Otu769	6	0	1
Otu770	1	0	1
Otu771	0	3	0
Otu772	3	2	0
Otu773	0	1	0
Otu774	66	1511	5962
Otu775	2	179	3165
Otu776	23	32	891
Otu777	3	202	530
Otu778	1	527	490
Otu779	3128	536	290
Otu780	0	9	128
Otu781	7358	428	41
Otu782	8	23	41
Otu783	0	20	38
Otu784	15	15	33
Otu785	0	14	33
Otu786	1346	142	30
Otu787	3	1	28
Otu788	1	96	27
Otu789	0	1	26
Otu790	4866	195	24
Otu791	4	14	24
Otu792	4	34	22
Otu793	2	32	20
Otu794	2	12	20
Otu795	0	5	17
Otu796	1870	113	16
Otu797	0	0	11
Otu798	39	6	10
Otu799	0	1	10
Otu800	1	11	9
Otu801	0	0	7
Otu802	24	8	6
Otu803	6	7	5
Otu804	0	2	5
Otu805	14	7	4
Otu806	0	0	4
Otu807	7	16	3
Otu808	119	6	3
Otu809	0	2	3
Otu810	0	1	3
Otu811	1	0	3
Otu812	0	0	3
Otu813	5	5	2
Otu814	6	3	2
Otu815	1	3	2
Otu816	8	2	2
Otu817	0	1	2
Otu818	0	0	2
Otu819	0	23	1
Otu820	21	5	1
Otu821	3	5	1
Otu822	0	5	1
Otu823	76	1	1
Otu824	33	0	1
Otu825	2	0	1
Otu826	1	0	1
Otu827	0	0	1
Otu828	0	0	1
Otu829	0	7	0
Otu830	1	6	0
Otu831	70	4	0
Otu832	36	3	0
Otu833	12	2	0
Otu834	1	2	0
Otu835	1	0	0
Otu836	137	161	8789
Otu837	117	93	2590
Otu838	6	1679	1416
Otu839	13	326	969
Otu840	2493	446	738
Otu841	23	723	712
Otu842	79	44	694
Otu843	1662	967	583
Otu844	6	104	478
Otu845	26	35	453
Otu846	0	36	332
Otu847	7	49	324
Otu848	2	194	264
Otu849	10	11	258
Otu850	0	7	174
Otu851	10	35	146
Otu852	1	54	131
Otu853	1	17	130
Otu854	518	104	123
Otu855	0	2	91
Otu856	256	10	84
Otu857	83	77	80
Otu858	3	95	79
Otu859	2	13	71
Otu860	10888	590	68
Otu861	47	14	53
Otu862	9	42	43
Otu863	9	26	40
Otu864	9	22	39
Otu865	6463	252	36
Otu866	4	4	28
Otu867	1	18	26
Otu868	3	3	26
Otu869	9	12	25
Otu870	1	136	24
Otu871	4	21	24
Otu872	0	2	24
Otu873	6411	209	22
Otu874	0	15	20
Otu875	1472	56	19
Otu876	3	17	18
Otu877	1	17	16
Otu878	1	26	15
Otu879	0	5	13
Otu880	1	21	10
Otu881	871	33	9
Otu882	38	16	8
Otu883	7	3	7
Otu884	37	2	7
Otu885	37	9	6
Otu886	2	3	6
Otu887	873	38	5
Otu888	1	8	5
Otu889	2	7	5
Otu890	1	1	5
Otu891	1	14	4
Otu892	0	5	4
Otu893	0	2	4
Otu894	0	0	4
Otu895	0	2	3
Otu896	576	30	2
Otu897	0	10	2
Otu898	3	5	2
Otu899	1	4	2
Otu900	0	4	2
Otu901	13	3	2
Otu902	8	3	2
Otu903	11	1	2
Otu904	0	1	2
Otu905	0	0	2
Otu906	0	0	2
Otu907	203	9	1
Otu908	0	9	1
Otu909	0	7	1
Otu910	22	6	1
Otu911	0	6	1
Otu912	0	6	1
Otu913	95	4	1
Otu914	7	4	1
Otu915	1	4	1
Otu916	0	2	1
Otu917	1	0	1
Otu918	0	0	1
Otu919	82	4	0
Otu920	0	3	0
Otu921	0	3	0
Otu922	1	2	0
Otu923	0	2	0
Otu924	0	1	0
Otu925	0	1	0
Otu926	0	1	0
Otu927	0	1	0
Otu928	6	0	0
Otu929	6	0	0
Otu930	2	0	0
Otu931	1	0	0
Otu932	1	0	0
Otu933	23	1991	64889
Otu934	7	55	9984
Otu935	14	441	3613
Otu936	155	230	1699
Otu937	22	1697	1382
Otu938	8	103	1076
Otu939	2	113	1015
Otu940	2117	667	996
Otu941	15	364	685
Otu942	2	121	657
Otu943	2	5	633
Otu944	14	15	515
Otu945	10	74	428
Otu946	0	398	424
Otu947	2	221	421
Otu948	10	597	312
Otu949	0	18	293
Otu950	0	14	292
Otu951	2	191	284
Otu952	533	149	227
Otu953	0	4	219
Otu954	4	6	217
Otu955	0	20	204
Otu956	40410	1590	172
Otu957	0	8	170
Otu958	12	8	166
Otu959	0	0	140
Otu960	15	31	105
Otu961	3	86	104
Otu962	10479	596	98
Otu963	0	77	97
Otu964	0	56	97
Otu965	11	53	91
Otu966	16224	855	86
Otu967	1	9	85
Otu968	0	46	63
Otu969	0	1815	60
Otu970	2	14	49
Otu971	4775	413	38
Otu972	5398	313	38
Otu973	5031	287	34
Otu974	1	154	34
Otu975	5	27	33
Otu976	0	0	31
Otu977	6	18	25
Otu978	4910	193	24
Otu979	0	70	24
Otu980	0	1	24
Otu981	0	21	23
Otu982	10	15	23
Otu983	0	35	22
Otu984	2	2	21
Otu985	159	63	19
Otu986	0	14	19
Otu987	2846	137	17
Otu988	7	11	16
Otu989	4	17	15
Otu990	0	6	15
Otu991	1	3	15
Otu992	1	15	14
Otu993	82	113	13
Otu994	568	41	13
Otu995	16	34	12
Otu996	157	19	12
Otu997	0	0	12
Otu998	375	18	11
Otu999	3	14	11
Otu1000	102	12	11
Otu1001	5	8	11
Otu1002	5	4	11
Otu1003	6	2	11
Otu1004	1	2	11
Otu1005	0	245	10
Otu1006	3	4	10
Otu1007	0	21	9
Otu1008	3	8	9
Otu1009	0	3	9
Otu1010	0	8	8
Otu1011	0	0	8
Otu1012	3	12	7
Otu1013	4	4	7
Otu1014	0	2	7
Otu1015	6	0	7
Otu1016	0	0	7
Otu1017	2	6	6
Otu1018	2	3	6
Otu1019	0	1	6
Otu1020	5	6	5
Otu1021	0	6	5
Otu1022	0	4	5
Otu1023	0	13	4
Otu1024	24	10	4
Otu1025	0	9	4
Otu1026	108	6	4
Otu1027	9	1	4
Otu1028	16	0	4
Otu1029	0	5	3
Otu1030	14	3	3
Otu1031	0	2	3
Otu1032	0	1	3
Otu1033	1	0	3
Otu1034	1	0	3
Otu1035	0	0	3
Otu1036	0	0	3
Otu1037	0	36	2
Otu1038	7	13	2
Otu1039	14	6	2
Otu1040	0	5	2
Otu1041	2	1	2
Otu1042	8	0	2
Otu1043	0	51	1
Otu1044	0	14	1
Otu1045	21	9	1
Otu1046	256	7	1
Otu1047	0	6	1
Otu1048	71	5	1
Otu1049	95	3	1
Otu1050	13	1	1
Otu1051	3	1	1
Otu1052	0	1	1
Otu1053	0	1	1
Otu1054	0	0	1
Otu1055	0	0	1
Otu1056	0	0	1
Otu1057	0	0	1
Otu1058	0	0	1
Otu1059	0	0	1
Otu1060	0	0	1
Otu1061	0	0	1
Otu1062	0	0	1
Otu1063	0	0	1
Otu1064	0	37	0
Otu1065	162	12	0
Otu1066	79	8	0
Otu1067	0	5	0
Otu1068	2	3	0
Otu1069	1	3	0
Otu1070	0	3	0
Otu1071	0	3	0
Otu1072	40	2	0
Otu1073	3	2	0
Otu1074	3	2	0
Otu1075	1	2	0
Otu1076	0	2	0
Otu1077	0	2	0
Otu1078	12	1	0
Otu1079	3	1	0
Otu1080	3	1	0
Otu1081	2	1	0
Otu1082	0	1	0
Otu1083	0	1	0
Otu1084	0	1	0
Otu1085	0	1	0
Otu1086	33	0	0
Otu1087	12	0	0
Otu1088	5	0	0
Otu1089	3	0	0
Otu1090	3	0	0
Otu1091	1	0	0
Otu1092	1	0	0
Otu1093	1	0	0
Otu1094	23	2761	5711
Otu1095	97	847	3372
Otu1096	0	46	2686
Otu1097	1	62	1891
Otu1098	2	167	1025
Otu1099	36	5	1020
Otu1100	3	126	780
Otu1101	31	22	757
Otu1102	2	5	701
Otu1103	4	10	692
Otu1104	0	18	616
Otu1105	29	21	582
Otu1106	0	1	581
Otu1107	0	133	580
Otu1108	19	22	554
Otu1109	1	2	521
Otu1110	9	1297	434
Otu1111	1	373	382
Otu1112	3365	205	370
Otu1113	1	45	356
Otu1114	2	74	329
Otu1115	0	3809	310
Otu1116	3	3	296
Otu1117	1	5	236
Otu1118	3	26	222
Otu1119	0	19	220
Otu1120	0	27	197
Otu1121	9	5	196
Otu1122	11	6	195
Otu1123	50	247	183
Otu1124	23	10	181
Otu1125	2	2	176
Otu1126	40	114	164
Otu1127	8	5	161
Otu1128	14	17	153
Otu1129	12	7	138
Otu1130	2	9	137
Otu1131	3	3	133
Otu1132	4	8	131
Otu1133	1	16	128
Otu1134	3	4	128
Otu1135	1	2	122
Otu1136	79	67	121
Otu1137	4	5	111
Otu1138	23	17	109
Otu1139	2	35	97
Otu1140	1	22	92
Otu1141	0	4	92
Otu1142	1	6	84
Otu1143	8801	578	83
Otu1144	29	21	71
Otu1145	2	1	64
Otu1146	1	2	60
Otu1147	3	30	57
Otu1148	0	21	57
Otu1149	1	3	57
Otu1150	33	24	55
Otu1151	0	2	51
Otu1152	1877	97	50
Otu1153	0	678	44
Otu1154	358	15	43
Otu1155	12	29	42
Otu1156	3871	155	40
Otu1157	1	29	40
Otu1158	3224	143	38
Otu1159	0	30	38
Otu1160	6	2	37
Otu1161	0	158	35
Otu1162	0	0	35
Otu1163	1071	38	31
Otu1164	0	6	30
Otu1165	0	2	30
Otu1166	0	32	28
Otu1167	3	39	27
Otu1168	0	32	26
Otu1169	0	0	26
Otu1170	3578	130	25
Otu1171	0	71	25
Otu1172	0	41	24
Otu1173	10	27	24
Otu1174	2903	158	23
Otu1175	0	5	23
Otu1176	2	1	22
Otu1177	3801	175	20
Otu1178	2825	113	20
Otu1179	0	34	20
Otu1180	4	21	19
Otu1181	0	9	19
Otu1182	0	1	19
Otu1183	1876	80	18
Otu1184	1266	48	18
Otu1185	1	26	18
Otu1186	60	5	18
Otu1187	0	94	17
Otu1188	0	3	17
Otu1189	5	14	16
Otu1190	3	12	16
Otu1191	2	2	16
Otu1192	2172	112	15
Otu1193	2	15	15
Otu1194	3	14	15
Otu1195	17	6	15
Otu1196	8	6	15
Otu1197	1	0	15
Otu1198	0	0	15
Otu1199	0	0	15
Otu1200	1128	71	14
Otu1201	10	12	14
Otu1202	2	3	14
Otu1203	0	1	14
Otu1204	1	0	14
Otu1205	1	45	13
Otu1206	563	21	13
Otu1207	1	17	13
Otu1208	0	3	13
Otu1209	0	3	13
Otu1210	0	0	13
Otu1211	2172	84	12
Otu1212	0	5	12
Otu1213	29	3	12
Otu1214	0	2	12
Otu1215	170	13	11
Otu1216	0	5	11
Otu1217	0	2	11
Otu1218	32	1	11
Otu1219	1	6	10
Otu1220	0	5	10
Otu1221	152	4	10
Otu1222	0	4	10
Otu1223	1	0	10
Otu1224	0	0	10
Otu1225	0	0	10
Otu1226	576	41	9
Otu1227	2	7	9
Otu1228	1	3	9
Otu1229	0	1	9
Otu1230	452	19	8
Otu1231	3	7	8
Otu1232	1	0	8
Otu1233	134	26	7
Otu1234	237	18	7
Otu1235	171	8	7
Otu1236	39	5	7
Otu1237	3	4	7
Otu1238	0	3	7
Otu1239	1	2	7
Otu1240	0	1	7
Otu1241	1	0	7
Otu1242	0	0	7
Otu1243	0	0	7
Otu1244	45	11	6
Otu1245	0	9	6
Otu1246	1	8	6
Otu1247	1	7	6
Otu1248	0	6	6
Otu1249	0	6	6
Otu1250	57	5	6
Otu1251	0	3	6
Otu1252	1	2	6
Otu1253	2	1	6
Otu1254	0	1	6
Otu1255	1500	71	5
Otu1256	15	12	5
Otu1257	0	10	5
Otu1258	5	8	5
Otu1259	3	8	5
Otu1260	1	7	5
Otu1261	3	5	5
Otu1262	0	5	5
Otu1263	10	4	5
Otu1264	4	3	5
Otu1265	0	3	5
Otu1266	0	2	5
Otu1267	0	2	5
Otu1268	0	1	5
Otu1269	66	20	4
Otu1270	19	18	4
Otu1271	1	9	4
Otu1272	0	7	4
Otu1273	1	6	4
Otu1274	5	4	4
Otu1275	3	3	4
Otu1276	2	1	4
Otu1277	2	1	4
Otu1278	0	1	4
Otu1279	0	1	4
Otu1280	0	1	4
Otu1281	1	0	4
Otu1282	0	0	4
Otu1283	0	0	4
Otu1284	23	12	3
Otu1285	29	10	3
Otu1286	1	10	3
Otu1287	1	10	3
Otu1288	112	6	3
Otu1289	3	6	3
Otu1290	2	5	3
Otu1291	0	4	3
Otu1292	0	3	3
Otu1293	0	3	3
Otu1294	6	2	3
Otu1295	3	2	3
Otu1296	2	2	3
Otu1297	1	2	3
Otu1298	1	2	3
Otu1299	0	2	3
Otu1300	1	1	3
Otu1301	5	0	3
Otu1302	0	0	3
Otu1303	0	0	3
Otu1304	0	0	3
Otu1305	0	0	3
Otu1306	0	0	3
Otu1307	735	46	2
Otu1308	438	27	2
Otu1309	294	19	2
Otu1310	17	10	2
Otu1311	1	10	2
Otu1312	2	7	2
Otu1313	1	7	2
Otu1314	1	5	2
Otu1315	93	4	2
Otu1316	7	4	2
Otu1317	0	4	2
Otu1318	0	4	2
Otu1319	0	3	2
Otu1320	45	2	2
Otu1321	8	2	2
Otu1322	3	2	2
Otu1323	0	2	2
Otu1324	0	2	2
Otu1325	6	1	2
Otu1326	1	1	2
Otu1327	0	1	2
Otu1328	0	1	2
Otu1329	0	1	2
Otu1330	0	1	2
Otu1331	165	0	2
Otu1332	8	0	2
Otu1333	1	0	2
Otu1334	1	0	2
Otu1335	0	0	2
Otu1336	0	0	2
Otu1337	0	0	2
Otu1338	0	0	2
Otu1339	0	0	2
Otu1340	0	0	2
Otu1341	0	0	2
Otu1342	0	0	2
Otu1343	0	0	2
Otu1344	0	13	1
Otu1345	15	7	1
Otu1346	6	7	1
Otu1347	0	7	1
Otu1348	0	7	1
Otu1349	13	5	1
Otu1350	2	5	1
Otu1351	78	4	1
Otu1352	0	4	1
Otu1353	0	4	1
Otu1354	0	4	1
Otu1355	0	4	1
Otu1356	12	3	1
Otu1357	6	3	1
Otu1358	1	3	1
Otu1359	0	3	1
Otu1360	1	2	1
Otu1361	0	2	1
Otu1362	0	2	1
Otu1363	0	2	1
Otu1364	0	2	1
Otu1365	0	2	1
Otu1366	0	2	1
Otu1367	29	1	1
Otu1368	21	1	1
Otu1369	1	1	1
Otu1370	0	1	1
Otu1371	0	1	1
Otu1372	0	1	1
Otu1373	0	1	1
Otu1374	0	1	1
Otu1375	0	1	1
Otu1376	10	0	1
Otu1377	8	0	1
Otu1378	3	0	1
Otu1379	2	0	1
Otu1380	1	0	1
Otu1381	1	0	1
Otu1382	1	0	1
Otu1383	0	0	1
Otu1384	0	0	1
Otu1385	0	0	1
Otu1386	0	0	1
Otu1387	0	0	1
Otu1388	0	0	1
Otu1389	0	0	1
Otu1390	0	0	1
Otu1391	0	0	1
Otu1392	0	0	1
Otu1393	0	0	1
Otu1394	0	0	1
Otu1395	0	0	1
Otu1396	0	0	1
Otu1397	0	0	1
Otu1398	0	0	1
Otu1399	0	0	1
Otu1400	0	0	1
Otu1401	0	0	1
Otu1402	0	0	1
Otu1403	0	0	1
Otu1404	0	0	1
Otu1405	0	0	1
Otu1406	0	0	1
Otu1407	0	0	1
Otu1408	0	0	1
Otu1409	1	29	0
Otu1410	0	24	0
Otu1411	8	12	0
Otu1412	1	11	0
Otu1413	6	6	0
Otu1414	0	6	0
Otu1415	0	5	0
Otu1416	0	5	0
Otu1417	0	5	0
Otu1418	0	5	0
Otu1419	50	4	0
Otu1420	36	4	0
Otu1421	2	4	0
Otu1422	0	4	0
Otu1423	0	4	0
Otu1424	0	4	0
Otu1425	0	4	0
Otu1426	0	4	0
Otu1427	48	3	0
Otu1428	23	3	0
Otu1429	4	3	0
Otu1430	4	3	0
Otu1431	2	3	0
Otu1432	1	3	0
Otu1433	1	3	0
Otu1434	0	3	0
Otu1435	0	3	0
Otu1436	0	3	0
Otu1437	51	2	0
Otu1438	29	2	0
Otu1439	24	2	0
Otu1440	12	2	0
Otu1441	8	2	0
Otu1442	2	2	0
Otu1443	1	2	0
Otu1444	1	2	0
Otu1445	1	2	0
Otu1446	0	2	0
Otu1447	0	2	0
Otu1448	0	2	0
Otu1449	0	2	0
Otu1450	0	2	0
Otu1451	0	2	0
Otu1452	0	2	0
Otu1453	0	2	0
Otu1454	0	2	0
Otu1455	0	2	0
Otu1456	30	1	0
Otu1457	17	1	0
Otu1458	12	1	0
Otu1459	10	1	0
Otu1460	10	1	0
Otu1461	8	1	0
Otu1462	2	1	0
Otu1463	1	1	0
Otu1464	1	1	0
Otu1465	1	1	0
Otu1466	1	1	0
Otu1467	0	1	0
Otu1468	0	1	0
Otu1469	0	1	0
Otu1470	0	1	0
Otu1471	0	1	0
Otu1472	0	1	0
Otu1473	0	1	0
Otu1474	0	1	0
Otu1475	0	1	0
Otu1476	0	1	0
Otu1477	0	1	0
Otu1478	0	1	0
Otu1479	0	1	0
Otu1480	0	1	0
Otu1481	0	1	0
Otu1482	0	1	0
Otu1483	0	1	0
Otu1484	0	1	0
Otu1485	0	1	0
Otu1486	0	1	0
Otu1487	0	1	0
Otu1488	48	0	0
Otu1489	19	0	0
Otu1490	11	0	0
Otu1491	9	0	0
Otu1492	4	0	0
Otu1493	4	0	0
Otu1494	3	0	0
Otu1495	2	0	0
Otu1496	2	0	0
Otu1497	2	0	0
Otu1498	2	0	0
Otu1499	2	0	0
Otu1500	2	0	0
Otu1501	2	0	0
Otu1502	1	0	0
Otu1503	1	0	0
Otu1504	1	0	0
Otu1505	1	0	0
Otu1506	1	0	0
Otu1507	1	0	0
Otu1508	1	0	0
Otu1509	1	0	0
Otu1510	1	0	0
Otu1511	1	0	0
Otu1512	1	0	0
Otu1513	103	793	11895
Otu1514	1289	4223	8645
Otu1515	23	415	4184
Otu1516	0	0	4091
Otu1517	77	124	3679
Otu1518	0	4	3590
Otu1519	3	325	2789
Otu1520	0	0	2413
Otu1521	15	6071	2128
Otu1522	4	158	2090
Otu1523	0	2	1761
Otu1524	4	192	1690
Otu1525	41	259	1490
Otu1526	0	4	1389
Otu1527	0	5	1361
Otu1528	3	25	1349
Otu1529	0	32	1323
Otu1530	218	1104	1278
Otu1531	2	18	1220
Otu1532	0	3	1199
Otu1533	234	94	1159
Otu1534	7	222	1107
Otu1535	2	1079	934
Otu1536	31	95	915
Otu1537	0	5	903
Otu1538	3	148	886
Otu1539	0	1	733
Otu1540	1	1	696
Otu1541	1	537	692
Otu1542	0	383	688
Otu1543	11	70	686
Otu1544	2	21	676
Otu1545	0	7	675
Otu1546	0	1	665
Otu1547	0	0	652
Otu1548	0	3	632
Otu1549	1	22	621
Otu1550	0	1	619
Otu1551	3	37	514
Otu1552	1	31	500
Otu1553	668	118	481
Otu1554	29	85	448
Otu1555	0	0	438
Otu1556	1	137	428
Otu1557	0	2	428
Otu1558	444	213	414
Otu1559	0	7	387
Otu1560	5	30	376
Otu1561	0	2	370
Otu1562	4	206	368
Otu1563	28	46	368
Otu1564	0	742	367
Otu1565	1	14	366
Otu1566	0	4	361
Otu1567	7	82	360
Otu1568	443	53	356
Otu1569	13	624	338
Otu1570	4	53	338
Otu1571	2	53	332
Otu1572	5	233	317
Otu1573	0	0	317
Otu1574	5	934	311
Otu1575	2	21	297
Otu1576	1	11	296
Otu1577	2	201	290
Otu1578	0	29	290
Otu1579	0	2	290
Otu1580	1	1	288
Otu1581	0	0	285
Otu1582	0	2	281
Otu1583	0	171	280
Otu1584	0	13	278
Otu1585	0	2	275
Otu1586	9	10	273
Otu1587	9	34	255
Otu1588	9	12	253
Otu1589	0	0	242
Otu1590	0	0	239
Otu1591	9	161	229
Otu1592	0	24	226
Otu1593	6	8	220
Otu1594	0	10	215
Otu1595	6	29	212
Otu1596	6	8	203
Otu1597	0	0	202
Otu1598	0	3	201
Otu1599	0	1	198
Otu1600	18	3	194
Otu1601	0	66	192
Otu1602	5	8	192
Otu1603	4	10	191
Otu1604	0	1	187
Otu1605	0	1	183
Otu1606	0	2	177
Otu1607	9	23	176
Otu1608	0	4	176
Otu1609	1	3	176
Otu1610	136	220	175
Otu1611	0	275	165
Otu1612	0	162	161
Otu1613	2	14	160
Otu1614	32	77	159
Otu1615	3	2	159
Otu1616	0	0	158
Otu1617	6	1	155
Otu1618	1	12	152
Otu1619	1	17	149
Otu1620	6	7	146
Otu1621	6	4	146
Otu1622	0	125	143
Otu1623	2	14	143
Otu1624	1	1	143
Otu1625	0	0	143
Otu1626	5	5	142
Otu1627	8	128	141
Otu1628	2	2	139
Otu1629	0	0	138
Otu1630	0	3	134
Otu1631	60	654	132
Otu1632	5	13	132
Otu1633	0	3	131
Otu1634	0	30	129
Otu1635	0	12	126
Otu1636	8	1	126
Otu1637	0	0	122
Otu1638	1	132	121
Otu1639	1	110	121
Otu1640	3	76	121
Otu1641	3	3	121
Otu1642	0	0	120
Otu1643	0	3	115
Otu1644	73	182	114
Otu1645	1	4	113
Otu1646	3	4	112
Otu1647	0	0	112
Otu1648	0	0	111
Otu1649	0	0	110
Otu1650	0	0	108
Otu1651	16721	941	107
Otu1652	58	100	107
Otu1653	2	1	106
Otu1654	36	7	105
Otu1655	58	11	104
Otu1656	5	169	103
Otu1657	5	3	103
Otu1658	0	24	99
Otu1659	1	19	98
Otu1660	9	29	97
Otu1661	6	2	97
Otu1662	4	4	96
Otu1663	3	4	96
Otu1664	1	0	96
Otu1665	0	0	94
Otu1666	35	12	92
Otu1667	34	91	91
Otu1668	0	2	91
Otu1669	62	6	89
Otu1670	0	200	88
Otu1671	0	27	88
Otu1672	1	3	88
Otu1673	1	2	88
Otu1674	0	1	88
Otu1675	0	0	88
Otu1676	0	202	85
Otu1677	0	44	85
Otu1678	3	4	85
Otu1679	0	1	85
Otu1680	4	3	84
Otu1681	0	3	84
Otu1682	0	0	83
Otu1683	0	3	81
Otu1684	0	10	80
Otu1685	1	7	80
Otu1686	0	43	78
Otu1687	25	66	77
Otu1688	189	13	77
Otu1689	2	1	77
Otu1690	0	22	76
Otu1691	6	56	75
Otu1692	2	35	75
Otu1693	0	18	74
Otu1694	0	14	74
Otu1695	2	11	74
Otu1696	1	2	74
Otu1697	0	0	74
Otu1698	0	0	74
Otu1699	1	143	73
Otu1700	0	17	73
Otu1701	0	0	73
Otu1702	14	95	72
Otu1703	0	7	72
Otu1704	588	176	70
Otu1705	1	4	70
Otu1706	1	0	70
Otu1707	0	0	70
Otu1708	3	4	67
Otu1709	3	15	66
Otu1710	0	0	66
Otu1711	0	0	65
Otu1712	0	0	64
Otu1713	5	29	63
Otu1714	0	10	63
Otu1715	0	3	63
Otu1716	1	6	62
Otu1717	0	2	62
Otu1718	0	2	62
Otu1719	0	1	62
Otu1720	24	226	60
Otu1721	1660	102	59
Otu1722	25	11	59
Otu1723	0	1	59
Otu1724	0	36	58
Otu1725	0	1	58
Otu1726	2	1678	57
Otu1727	0	13	57
Otu1728	1	96	56
Otu1729	4	8	56
Otu1730	1	5	56
Otu1731	0	0	56
Otu1732	35	37	55
Otu1733	0	8	55
Otu1734	0	30	54
Otu1735	1	15	54
Otu1736	0	56	53
Otu1737	0	0	53
Otu1738	0	0	53
Otu1739	63	10	52
Otu1740	65	6	52
Otu1741	1	3	52
Otu1742	0	1	52
Otu1743	0	38	51
Otu1744	1	28	51
Otu1745	0	4	51
Otu1746	0	194	50
Otu1747	8	133	50
Otu1748	0	0	50
Otu1749	28	26	49
Otu1750	0	0	49
Otu1751	5	44	48
Otu1752	0	12	48
Otu1753	1	2	48
Otu1754	0	0	48
Otu1755	0	48	46
Otu1756	1	1	46
Otu1757	0	0	46
Otu1758	0	0	46
Otu1759	0	0	46
Otu1760	0	0	46
Otu1761	1	73	45
Otu1762	0	15	45
Otu1763	0	1	45
Otu1764	2	32	44
Otu1765	2	11	44
Otu1766	3	8	44
Otu1767	0	0	44
Otu1768	0	0	44
Otu1769	0	6	43
Otu1770	3	4	43
Otu1771	2	3	43
Otu1772	0	0	43
Otu1773	0	0	43
Otu1774	16	24	42
Otu1775	10	17	42
Otu1776	2	16	42
Otu1777	147	15	42
Otu1778	0	9	42
Otu1779	4	1	42
Otu1780	0	0	42
Otu1781	0	0	42
Otu1782	0	75	41
Otu1783	2	27	41
Otu1784	0	0	41
Otu1785	0	60	40
Otu1786	0	0	40
Otu1787	0	0	40
Otu1788	0	21	39
Otu1789	0	9	39
Otu1790	0	2	39
Otu1791	0	1	39
Otu1792	0	33	38
Otu1793	1	11	38
Otu1794	3	15	37
Otu1795	57	8	37
Otu1796	1	3	37
Otu1797	0	1	37
Otu1798	0	0	37
Otu1799	229	49	36
Otu1800	1	0	36
Otu1801	0	9	35
Otu1802	0	2	35
Otu1803	2	1	35
Otu1804	0	0	35
Otu1805	0	51	34
Otu1806	0	47	34
Otu1807	1	25	34
Otu1808	0	16	34
Otu1809	0	5	34
Otu1810	0	3	34
Otu1811	0	714	33
Otu1812	2716	118	33
Otu1813	2456	115	33
Otu1814	0	37	33
Otu1815	51	14	33
Otu1816	0	14	33
Otu1817	4759	290	32
Otu1818	3327	173	32
Otu1819	10	157	32
Otu1820	1888	125	32
Otu1821	0	0	32
Otu1822	0	0	32
Otu1823	0	10	31
Otu1824	9	9	31
Otu1825	4	2	31
Otu1826	1	2	31
Otu1827	1	1	31
Otu1828	0	1	31
Otu1829	2	5	30
Otu1830	45	1	30
Otu1831	0	0	30
Otu1832	0	0	30
Otu1833	2	488	29
Otu1834	0	257	29
Otu1835	0	2	29
Otu1836	2	85	28
Otu1837	2	17	28
Otu1838	2	12	28
Otu1839	25	6	28
Otu1840	0	5	28
Otu1841	0	116	27
Otu1842	0	1	27
Otu1843	0	1	27
Otu1844	0	0	27
Otu1845	5162	359	26
Otu1846	0	52	26
Otu1847	1	10	26
Otu1848	0	1	26
Otu1849	0	1	26
Otu1850	4	0	26
Otu1851	0	0	26
Otu1852	0	0	26
Otu1853	4	349	25
Otu1854	0	1	25
Otu1855	0	92	24
Otu1856	279	68	24
Otu1857	3	44	24
Otu1858	1	14	24
Otu1859	0	9	24
Otu1860	1	7	24
Otu1861	4	1	24
Otu1862	1	0	24
Otu1863	0	0	24
Otu1864	0	287	23
Otu1865	0	63	23
Otu1866	0	54	23
Otu1867	0	26	23
Otu1868	0	20	23
Otu1869	0	11	23
Otu1870	0	1	23
Otu1871	0	0	23
Otu1872	0	81	22
Otu1873	1224	65	22
Otu1874	1	19	22
Otu1875	2	3	22
Otu1876	1	2	22
Otu1877	2	0	22
Otu1878	530	225	21
Otu1879	0	23	21
Otu1880	6	10	21
Otu1881	1	9	21
Otu1882	5	6	21
Otu1883	1	5	21
Otu1884	2	4	21
Otu1885	0	3	21
Otu1886	0	2	21
Otu1887	1	1	21
Otu1888	1	1	21
Otu1889	1	1	21
Otu1890	0	0	21
Otu1891	0	0	21
Otu1892	0	0	21
Otu1893	2580	84	20
Otu1894	1	63	20
Otu1895	0	17	20
Otu1896	10	8	20
Otu1897	2	0	20
Otu1898	0	0	20
Otu1899	0	0	20
Otu1900	9	14	19
Otu1901	0	13	19
Otu1902	0	7	19
Otu1903	1	6	19
Otu1904	0	6	19
Otu1905	2	1	19
Otu1906	1	1	19
Otu1907	0	0	19
Otu1908	0	0	19
Otu1909	3	88	18
Otu1910	1	25	18
Otu1911	1	1	18
Otu1912	0	1	18
Otu1913	0	0	18
Otu1914	0	0	18
Otu1915	0	0	18
Otu1916	0	0	18
Otu1917	0	0	18
Otu1918	2376	147	17
Otu1919	0	23	17
Otu1920	0	20	17
Otu1921	7	17	17
Otu1922	0	2	17
Otu1923	0	1	17
Otu1924	1	0	17
Otu1925	0	0	17
Otu1926	0	0	17
Otu1927	5	84	16
Otu1928	0	24	16
Otu1929	0	16	16
Otu1930	1	12	16
Otu1931	15	7	16
Otu1932	0	4	16
Otu1933	0	4	16
Otu1934	0	2	16
Otu1935	0	1	16
Otu1936	0	0	16
Otu1937	0	0	16
Otu1938	133	129	15
Otu1939	2439	88	15
Otu1940	2036	69	15
Otu1941	707	43	15
Otu1942	617	36	15
Otu1943	0	35	15
Otu1944	0	34	15
Otu1945	441	20	15
Otu1946	0	20	15
Otu1947	2	11	15
Otu1948	1	10	15
Otu1949	0	9	15
Otu1950	1	2	15
Otu1951	0	2	15
Otu1952	1	1	15
Otu1953	4	0	15
Otu1954	0	0	15
Otu1955	0	0	15
Otu1956	0	103	14
Otu1957	1	45	14
Otu1958	690	29	14
Otu1959	2	9	14
Otu1960	4	8	14
Otu1961	0	8	14
Otu1962	0	6	14
Otu1963	0	5	14
Otu1964	0	3	14
Otu1965	1	1	14
Otu1966	0	1	14
Otu1967	0	1	14
Otu1968	1	0	14
Otu1969	0	0	14
Otu1970	0	0	14
Otu1971	0	0	14
Otu1972	0	0	14
Otu1973	0	284	13
Otu1974	1955	130	13
Otu1975	1056	55	13
Otu1976	180	15	13
Otu1977	0	13	13
Otu1978	110	12	13
Otu1979	0	9	13
Otu1980	0	5	13
Otu1981	0	4	13
Otu1982	3	3	13
Otu1983	1	3	13
Otu1984	0	2	13
Otu1985	0	2	13
Otu1986	1	1	13
Otu1987	1	0	13
Otu1988	1	0	13
Otu1989	1	0	13
Otu1990	0	0	13
Otu1991	0	0	13
Otu1992	0	0	13
Otu1993	0	0	13
Otu1994	0	0	13
Otu1995	0	0	13
Otu1996	0	0	13
Otu1997	0	0	13
Otu1998	30	130	12
Otu1999	1336	58	12
Otu2000	920	55	12
Otu2001	1403	50	12
Otu2002	0	42	12
Otu2003	626	35	12
Otu2004	25	20	12
Otu2005	160	19	12
Otu2006	0	18	12
Otu2007	9	17	12
Otu2008	51	15	12
Otu2009	2	11	12
Otu2010	1	7	12
Otu2011	7	6	12
Otu2012	3	6	12
Otu2013	0	5	12
Otu2014	0	4	12
Otu2015	0	4	12
Otu2016	0	4	12
Otu2017	0	2	12
Otu2018	4	1	12
Otu2019	1	1	12
Otu2020	0	1	12
Otu2021	0	0	12
Otu2022	0	0	12
Otu2023	0	0	12
Otu2024	0	0	12
Otu2025	0	0	12
Otu2026	0	0	12
Otu2027	0	0	12
Otu2028	0	0	12
Otu2029	0	0	12
Otu2030	0	0	12
Otu2031	0	0	12
Otu2032	0	0	12
Otu2033	201	154	11
Otu2034	1808	135	11
Otu2035	1859	112	11
Otu2036	1499	50	11
Otu2037	0	31	11
Otu2038	0	25	11
Otu2039	0	23	11
Otu2040	237	19	11
Otu2041	0	16	11
Otu2042	45	15	11
Otu2043	4	12	11
Otu2044	13	8	11
Otu2045	0	6	11
Otu2046	0	6	11
Otu2047	0	5	11
Otu2048	0	2	11
Otu2049	0	2	11
Otu2050	1	1	11
Otu2051	1	1	11
Otu2052	0	1	11
Otu2053	0	1	11
Otu2054	0	1	11
Otu2055	1	0	11
Otu2056	0	0	11
Otu2057	0	0	11
Otu2058	0	0	11
Otu2059	0	0	11
Otu2060	2208	118	10
Otu2061	1087	63	10
Otu2062	1033	54	10
Otu2063	0	37	10
Otu2064	0	24	10
Otu2065	1	12	10
Otu2066	1	11	10
Otu2067	23	8	10
Otu2068	266	7	10
Otu2069	8	7	10
Otu2070	1	6	10
Otu2071	0	4	10
Otu2072	42	3	10
Otu2073	1	2	10
Otu2074	0	2	10
Otu2075	0	1	10
Otu2076	0	1	10
Otu2077	0	1	10
Otu2078	0	1	10
Otu2079	0	1	10
Otu2080	0	0	10
Otu2081	0	0	10
Otu2082	0	0	10
Otu2083	0	0	10
Otu2084	2124	116	9
Otu2085	1344	77	9
Otu2086	14	29	9
Otu2087	0	22	9
Otu2088	145	15	9
Otu2089	0	10	9
Otu2090	226	8	9
Otu2091	3	8	9
Otu2092	1	8	9
Otu2093	1	7	9
Otu2094	8	5	9
Otu2095	1	4	9
Otu2096	1	4	9
Otu2097	19	3	9
Otu2098	1	3	9
Otu2099	0	3	9
Otu2100	0	3	9
Otu2101	1	2	9
Otu2102	0	2	9
Otu2103	0	2	9
Otu2104	1	1	9
Otu2105	0	1	9
Otu2106	0	1	9
Otu2107	3	0	9
Otu2108	1	0	9
Otu2109	0	0	9
Otu2110	0	0	9
Otu2111	0	0	9
Otu2112	0	0	9
Otu2113	0	0	9
Otu2114	0	0	9
Otu2115	0	0	9
Otu2116	0	308	8
Otu2117	327	28	8
Otu2118	48	27	8
Otu2119	4	17	8
Otu2120	0	15	8
Otu2121	0	10	8
Otu2122	0	9	8
Otu2123	0	8	8
Otu2124	0	6	8
Otu2125	6	4	8
Otu2126	0	4	8
Otu2127	0	3	8
Otu2128	1	2	8
Otu2129	0	2	8
Otu2130	0	2	8
Otu2131	1	1	8
Otu2132	1	1	8
Otu2133	0	1	8
Otu2134	0	1	8
Otu2135	0	1	8
Otu2136	0	1	8
Otu2137	10	0	8
Otu2138	1	0	8
Otu2139	1	0	8
Otu2140	1	0	8
Otu2141	1	0	8
Otu2142	0	0	8
Otu2143	0	0	8
Otu2144	0	0	8
Otu2145	0	0	8
Otu2146	0	0	8
Otu2147	0	0	8
Otu2148	0	0	8
Otu2149	0	0	8
Otu2150	0	0	8
Otu2151	0	0	8
Otu2152	1	291	7
Otu2153	0	73	7
Otu2154	0	26	7
Otu2155	0	15	7
Otu2156	0	14	7
Otu2157	26	12	7
Otu2158	18	10	7
Otu2159	1	9	7
Otu2160	0	9	7
Otu2161	0	9	7
Otu2162	136	8	7
Otu2163	1	6	7
Otu2164	2	5	7
Otu2165	1	4	7
Otu2166	1	4	7
Otu2167	1	4	7
Otu2168	1	4	7
Otu2169	10	2	7
Otu2170	0	2	7
Otu2171	0	2	7
Otu2172	0	2	7
Otu2173	1	1	7
Otu2174	0	1	7
Otu2175	0	1	7
Otu2176	0	1	7
Otu2177	0	1	7
Otu2178	0	1	7
Otu2179	2	0	7
Otu2180	2	0	7
Otu2181	1	0	7
Otu2182	1	0	7
Otu2183	0	0	7
Otu2184	0	0	7
Otu2185	0	0	7
Otu2186	0	0	7
Otu2187	0	0	7
Otu2188	0	0	7
Otu2189	0	0	7
Otu2190	0	0	7
Otu2191	0	0	7
Otu2192	0	0	7
Otu2193	0	0	7
Otu2194	0	0	7
Otu2195	0	0	7
Otu2196	0	0	7
Otu2197	0	0	7
Otu2198	0	0	7
Otu2199	0	0	7
Otu2200	0	0	7
Otu2201	0	0	7
Otu2202	0	0	7
Otu2203	0	0	7
Otu2204	0	0	7
Otu2205	0	0	7
Otu2206	0	0	7
Otu2207	0	0	7
Otu2208	2	174	6
Otu2209	0	162	6
Otu2210	686	55	6
Otu2211	684	43	6
Otu2212	2	39	6
Otu2213	576	36	6
Otu2214	56	29	6
Otu2215	0	25	6
Otu2216	0	22	6
Otu2217	506	20	6
Otu2218	237	20	6
Otu2219	2	19	6
Otu2220	193	17	6
Otu2221	1	15	6
Otu2222	0	13	6
Otu2223	0	10	6
Otu2224	4	7	6
Otu2225	3	7	6
Otu2226	0	7	6
Otu2227	0	7	6
Otu2228	0	6	6
Otu2229	0	5	6
Otu2230	0	5	6
Otu2231	0	5	6
Otu2232	152	4	6
Otu2233	27	4	6
Otu2234	4	4	6
Otu2235	1	4	6
Otu2236	1	4	6
Otu2237	0	4	6
Otu2238	0	4	6
Otu2239	84	3	6
Otu2240	0	3	6
Otu2241	0	3	6
Otu2242	0	3	6
Otu2243	13	2	6
Otu2244	1	2	6
Otu2245	1	2	6
Otu2246	0	2	6
Otu2247	1	1	6
Otu2248	1	1	6
Otu2249	0	1	6
Otu2250	0	1	6
Otu2251	0	1	6
Otu2252	0	1	6
Otu2253	0	1	6
Otu2254	0	1	6
Otu2255	0	1	6
Otu2256	1	0	6
Otu2257	1	0	6
Otu2258	0	0	6
Otu2259	0	0	6
Otu2260	0	0	6
Otu2261	0	0	6
Otu2262	0	0	6
Otu2263	0	0	6
Otu2264	0	0	6
Otu2265	0	0	6
Otu2266	0	0	6
Otu2267	0	0	6
Otu2268	0	0	6
Otu2269	0	0	6
Otu2270	0	0	6
Otu2271	0	0	6
Otu2272	0	0	6
Otu2273	0	0	6
Otu2274	0	0	6
Otu2275	0	0	6
Otu2276	0	0	6
Otu2277	0	0	6
Otu2278	0	0	6
Otu2279	0	0	6
Otu2280	0	0	6
Otu2281	0	0	6
Otu2282	0	0	6
Otu2283	0	0	6
Otu2284	0	0	6
Otu2285	0	0	6
Otu2286	0	0	6
Otu2287	0	80	5
Otu2288	798	53	5
Otu2289	372	21	5
Otu2290	6	13	5
Otu2291	0	13	5
Otu2292	0	10	5
Otu2293	0	10	5
Otu2294	145	9	5
Otu2295	1	9	5
Otu2296	0	9	5
Otu2297	1	6	5
Otu2298	0	6	5
Otu2299	1	5	5
Otu2300	0	5	5
Otu2301	0	5	5
Otu2302	0	5	5
Otu2303	1	4	5
Otu2304	0	4	5
Otu2305	0	4	5
Otu2306	86	3	5
Otu2307	41	3	5
Otu2308	1	3	5
Otu2309	0	3	5
Otu2310	0	3	5
Otu2311	0	3	5
Otu2312	0	3	5
Otu2313	0	2	5
Otu2314	0	2	5
Otu2315	0	2	5
Otu2316	0	2	5
Otu2317	1	1	5
Otu2318	1	1	5
Otu2319	0	1	5
Otu2320	0	1	5
Otu2321	0	1	5
Otu2322	0	1	5
Otu2323	0	1	5
Otu2324	0	1	5
Otu2325	0	1	5
Otu2326	0	1	5
Otu2327	0	1	5
Otu2328	0	1	5
Otu2329	0	1	5
Otu2330	25	0	5
Otu2331	5	0	5
Otu2332	3	0	5
Otu2333	2	0	5
Otu2334	2	0	5
Otu2335	2	0	5
Otu2336	1	0	5
Otu2337	1	0	5
Otu2338	1	0	5
Otu2339	0	0	5
Otu2340	0	0	5
Otu2341	0	0	5
Otu2342	0	0	5
Otu2343	0	0	5
Otu2344	0	0	5
Otu2345	0	0	5
Otu2346	0	0	5
Otu2347	0	0	5
Otu2348	0	0	5
Otu2349	0	0	5
Otu2350	0	0	5
Otu2351	0	0	5
Otu2352	0	0	5
Otu2353	0	0	5
Otu2354	0	0	5
Otu2355	0	0	5
Otu2356	0	0	5
Otu2357	0	0	5
Otu2358	0	0	5
Otu2359	0	0	5
Otu2360	0	0	5
Otu2361	0	0	5
Otu2362	0	0	5
Otu2363	0	0	5
Otu2364	0	0	5
Otu2365	0	0	5
Otu2366	0	0	5
Otu2367	0	0	5
Otu2368	0	0	5
Otu2369	0	0	5
Otu2370	0	0	5
Otu2371	0	0	5
Otu2372	0	0	5
Otu2373	0	0	5
Otu2374	0	0	5
Otu2375	4	107	4
Otu2376	3	74	4
Otu2377	1	68	4
Otu2378	0	47	4
Otu2379	0	40	4
Otu2380	672	26	4
Otu2381	332	25	4
Otu2382	420	22	4
Otu2383	440	21	4
Otu2384	0	18	4
Otu2385	22	14	4
Otu2386	223	13	4
Otu2387	196	13	4
Otu2388	0	12	4
Otu2389	0	12	4
Otu2390	31	10	4
Otu2391	17	9	4
Otu2392	78	7	4
Otu2393	3	7	4
Otu2394	0	7	4
Otu2395	1	6	4
Otu2396	0	6	4
Otu2397	0	6	4
Otu2398	64	5	4
Otu2399	3	5	4
Otu2400	2	5	4
Otu2401	1	5	4
Otu2402	1	5	4
Otu2403	1	5	4
Otu2404	0	5	4
Otu2405	0	5	4
Otu2406	0	5	4
Otu2407	2	4	4
Otu2408	0	4	4
Otu2409	0	4	4
Otu2410	0	4	4
Otu2411	0	4	4
Otu2412	0	4	4
Otu2413	75	3	4
Otu2414	14	3	4
Otu2415	1	3	4
Otu2416	1	3	4
Otu2417	0	3	4
Otu2418	0	3	4
Otu2419	0	3	4
Otu2420	3	2	4
Otu2421	2	2	4
Otu2422	1	2	4
Otu2423	1	2	4
Otu2424	0	2	4
Otu2425	0	2	4
Otu2426	0	2	4
Otu2427	0	2	4
Otu2428	0	2	4
Otu2429	0	2	4
Otu2430	0	2	4
Otu2431	0	2	4
Otu2432	0	2	4
Otu2433	13	1	4
Otu2434	12	1	4
Otu2435	2	1	4
Otu2436	1	1	4
Otu2437	1	1	4
Otu2438	1	1	4
Otu2439	0	1	4
Otu2440	0	1	4
Otu2441	0	1	4
Otu2442	0	1	4
Otu2443	0	1	4
Otu2444	0	1	4
Otu2445	0	1	4
Otu2446	0	1	4
Otu2447	0	1	4
Otu2448	0	1	4
Otu2449	0	1	4
Otu2450	0	1	4
Otu2451	0	1	4
Otu2452	2	0	4
Otu2453	2	0	4
Otu2454	1	0	4
Otu2455	1	0	4
Otu2456	1	0	4
Otu2457	1	0	4
Otu2458	0	0	4
Otu2459	0	0	4
Otu2460	0	0	4
Otu2461	0	0	4
Otu2462	0	0	4
Otu2463	0	0	4
Otu2464	0	0	4
Otu2465	0	0	4
Otu2466	0	0	4
Otu2467	0	0	4
Otu2468	0	0	4
Otu2469	0	0	4
Otu2470	0	0	4
Otu2471	0	0	4
Otu2472	0	0	4
Otu2473	0	0	4
Otu2474	0	0	4
Otu2475	0	0	4
Otu2476	0	0	4
Otu2477	0	0	4
Otu2478	0	0	4
Otu2479	0	0	4
Otu2480	0	0	4
Otu2481	0	0	4
Otu2482	0	0	4
Otu2483	0	0	4
Otu2484	0	0	4
Otu2485	0	0	4
Otu2486	0	0	4
Otu2487	0	0	4
Otu2488	0	0	4
Otu2489	0	0	4
Otu2490	0	0	4
Otu2491	0	0	4
Otu2492	0	0	4
Otu2493	0	0	4
Otu2494	0	0	4
Otu2495	0	0	4
Otu2496	0	0	4
Otu2497	0	0	4
Otu2498	0	0	4
Otu2499	0	0	4
Otu2500	0	0	4
Otu2501	0	0	4
Otu2502	0	0	4
Otu2503	0	0	4
Otu2504	0	0	4
Otu2505	0	0	4
Otu2506	0	0	4
Otu2507	0	0	4
Otu2508	0	0	4
Otu2509	0	0	4
Otu2510	0	0	4
Otu2511	0	108	3
Otu2512	2	39	3
Otu2513	0	37	3
Otu2514	702	32	3
Otu2515	810	30	3
Otu2516	0	25	3
Otu2517	0	25	3
Otu2518	332	23	3
Otu2519	0	22	3
Otu2520	382	21	3
Otu2521	6	16	3
Otu2522	0	16	3
Otu2523	0	15	3
Otu2524	0	15	3
Otu2525	0	14	3
Otu2526	32	10	3
Otu2527	3	10	3
Otu2528	0	10	3
Otu2529	0	8	3
Otu2530	0	8	3
Otu2531	122	7	3
Otu2532	0	7	3
Otu2533	0	7	3
Otu2534	147	6	3
Otu2535	0	6	3
Otu2536	0	6	3
Otu2537	0	6	3
Otu2538	0	5	3
Otu2539	0	5	3
Otu2540	102	4	3
Otu2541	96	4	3
Otu2542	18	4	3
Otu2543	1	4	3
Otu2544	1	4	3
Otu2545	0	4	3
Otu2546	0	4	3
Otu2547	0	4	3
Otu2548	93	3	3
Otu2549	33	3	3
Otu2550	5	3	3
Otu2551	2	3	3
Otu2552	0	3	3
Otu2553	0	3	3
Otu2554	0	3	3
Otu2555	0	3	3
Otu2556	0	3	3
Otu2557	1	2	3
Otu2558	0	2	3
Otu2559	0	2	3
Otu2560	0	2	3
Otu2561	0	2	3
Otu2562	0	2	3
Otu2563	0	2	3
Otu2564	0	2	3
Otu2565	0	2	3
Otu2566	0	2	3
Otu2567	0	2	3
Otu2568	0	2	3
Otu2569	25	1	3
Otu2570	3	1	3
Otu2571	3	1	3
Otu2572	3	1	3
Otu2573	2	1	3
Otu2574	2	1	3
Otu2575	2	1	3
Otu2576	1	1	3
Otu2577	1	1	3
Otu2578	1	1	3
Otu2579	0	1	3
Otu2580	0	1	3
Otu2581	0	1	3
Otu2582	0	1	3
Otu2583	0	1	3
Otu2584	0	1	3
Otu2585	0	1	3
Otu2586	0	1	3
Otu2587	0	1	3
Otu2588	0	1	3
Otu2589	0	1	3
Otu2590	0	1	3
Otu2591	0	1	3
Otu2592	0	1	3
Otu2593	0	1	3
Otu2594	0	1	3
Otu2595	0	1	3
Otu2596	0	1	3
Otu2597	0	1	3
Otu2598	0	1	3
Otu2599	24	0	3
Otu2600	24	0	3
Otu2601	18	0	3
Otu2602	15	0	3
Otu2603	7	0	3
Otu2604	3	0	3
Otu2605	3	0	3
Otu2606	3	0	3
Otu2607	2	0	3
Otu2608	2	0	3
Otu2609	2	0	3
Otu2610	2	0	3
Otu2611	1	0	3
Otu2612	1	0	3
Otu2613	1	0	3
Otu2614	1	0	3
Otu2615	1	0	3
Otu2616	1	0	3
Otu2617	1	0	3
Otu2618	1	0	3
Otu2619	1	0	3
Otu2620	1	0	3
Otu2621	1	0	3
Otu2622	0	0	3
Otu2623	0	0	3
Otu2624	0	0	3
Otu2625	0	0	3
Otu2626	0	0	3
Otu2627	0	0	3
Otu2628	0	0	3
Otu2629	0	0	3
Otu2630	0	0	3
Otu2631	0	0	3
Otu2632	0	0	3
Otu2633	0	0	3
Otu2634	0	0	3
Otu2635	0	0	3
Otu2636	0	0	3
Otu2637	0	0	3
Otu2638	0	0	3
Otu2639	0	0	3
Otu2640	0	0	3
Otu2641	0	0	3
Otu2642	0	0	3
Otu2643	0	0	3
Otu2644	0	0	3
Otu2645	0	0	3
Otu2646	0	0	3
Otu2647	0	0	3
Otu2648	0	0	3
Otu2649	0	0	3
Otu2650	0	0	3
Otu2651	0	0	3
Otu2652	0	0	3
Otu2653	0	0	3
Otu2654	0	0	3
Otu2655	0	0	3
Otu2656	0	0	3
Otu2657	0	0	3
Otu2658	0	0	3
Otu2659	0	0	3
Otu2660	0	0	3
Otu2661	0	0	3
Otu2662	0	0	3
Otu2663	0	0	3
Otu2664	0	0	3
Otu2665	0	0	3
Otu2666	0	0	3
Otu2667	0	0	3
Otu2668	0	0	3
Otu2669	0	0	3
Otu2670	0	0	3
Otu2671	0	0	3
Otu2672	0	0	3
Otu2673	0	0	3
Otu2674	0	0	3
Otu2675	0	0	3
Otu2676	0	0	3
Otu2677	0	0	3
Otu2678	0	0	3
Otu2679	0	0	3
Otu2680	0	0	3
Otu2681	0	0	3
Otu2682	0	0	3
Otu2683	0	0	3
Otu2684	0	0	3
Otu2685	0	0	3
Otu2686	0	0	3
Otu2687	0	0	3
Otu2688	0	0	3
Otu2689	0	0	3
Otu2690	0	0	3
Otu2691	0	0	3
Otu2692	0	0	3
Otu2693	0	0	3
Otu2694	0	0	3
Otu2695	0	0	3
Otu2696	0	0	3
Otu2697	0	0	3
Otu2698	0	0	3
Otu2699	0	0	3
Otu2700	0	0	3
Otu2701	0	0	3
Otu2702	0	0	3
Otu2703	0	0	3
Otu2704	0	0	3
Otu2705	0	0	3
Otu2706	0	0	3
Otu2707	0	0	3
Otu2708	0	0	3
Otu2709	0	0	3
Otu2710	0	0	3
Otu2711	0	0	3
Otu2712	0	0	3
Otu2713	0	0	3
Otu2714	0	0	3
Otu2715	0	0	3
Otu2716	0	0	3
Otu2717	0	0	3
Otu2718	0	0	3
Otu2719	0	0	3
Otu2720	0	0	3
Otu2721	0	0	3
Otu2722	0	0	3
Otu2723	0	0	3
Otu2724	0	0	3
Otu2725	0	0	3
Otu2726	0	0	3
Otu2727	0	0	3
Otu2728	0	0	3
Otu2729	0	0	3
Otu2730	0	0	3
Otu2731	0	0	3
Otu2732	0	0	3
Otu2733	0	0	3
Otu2734	0	79	2
Otu2735	0	75	2
Otu2736	0	63	2
Otu2737	0	60	2
Otu2738	884	46	2
Otu2739	1	46	2
Otu2740	66	38	2
Otu2741	810	37	2
Otu2742	3	36	2
Otu2743	0	30	2
Otu2744	396	27	2
Otu2745	780	21	2
Otu2746	315	18	2
Otu2747	71	18	2
Otu2748	0	17	2
Otu2749	308	16	2
Otu2750	149	14	2
Otu2751	47	13	2
Otu2752	0	13	2
Otu2753	227	12	2
Otu2754	0	12	2
Otu2755	236	11	2
Otu2756	1	11	2
Otu2757	1	10	2
Otu2758	0	10	2
Otu2759	171	9	2
Otu2760	83	8	2
Otu2761	20	8	2
Otu2762	0	8	2
Otu2763	0	8	2
Otu2764	0	8	2
Otu2765	137	7	2
Otu2766	112	6	2
Otu2767	71	6	2
Otu2768	28	6	2
Otu2769	1	6	2
Otu2770	160	5	2
Otu2771	68	5	2
Otu2772	2	5	2
Otu2773	0	5	2
Otu2774	0	5	2
Otu2775	0	5	2
Otu2776	0	5	2
Otu2777	0	5	2
Otu2778	0	5	2
Otu2779	122	4	2
Otu2780	52	4	2
Otu2781	1	4	2
Otu2782	1	4	2
Otu2783	1	4	2
Otu2784	0	4	2
Otu2785	0	4	2
Otu2786	0	4	2
Otu2787	178	3	2
Otu2788	89	3	2
Otu2789	60	3	2
Otu2790	39	3	2
Otu2791	34	3	2
Otu2792	1	3	2
Otu2793	0	3	2
Otu2794	0	3	2
Otu2795	0	3	2
Otu2796	0	3	2
Otu2797	0	3	2
Otu2798	0	3	2
Otu2799	0	3	2
Otu2800	0	3	2
Otu2801	0	3	2
Otu2802	0	3	2
Otu2803	0	3	2
Otu2804	61	2	2
Otu2805	4	2	2
Otu2806	3	2	2
Otu2807	2	2	2
Otu2808	2	2	2
Otu2809	1	2	2
Otu2810	1	2	2
Otu2811	1	2	2
Otu2812	1	2	2
Otu2813	1	2	2
Otu2814	0	2	2
Otu2815	0	2	2
Otu2816	0	2	2
Otu2817	0	2	2
Otu2818	0	2	2
Otu2819	0	2	2
Otu2820	0	2	2
Otu2821	0	2	2
Otu2822	0	2	2
Otu2823	0	2	2
Otu2824	0	2	2
Otu2825	0	2	2
Otu2826	0	2	2
Otu2827	0	2	2
Otu2828	0	2	2
Otu2829	0	2	2
Otu2830	0	2	2
Otu2831	38	1	2
Otu2832	35	1	2
Otu2833	35	1	2
Otu2834	25	1	2
Otu2835	23	1	2
Otu2836	16	1	2
Otu2837	9	1	2
Otu2838	7	1	2
Otu2839	4	1	2
Otu2840	2	1	2
Otu2841	2	1	2
Otu2842	2	1	2
Otu2843	1	1	2
Otu2844	1	1	2
Otu2845	0	1	2
Otu2846	0	1	2
Otu2847	0	1	2
Otu2848	0	1	2
Otu2849	0	1	2
Otu2850	0	1	2
Otu2851	0	1	2
Otu2852	0	1	2
Otu2853	0	1	2
Otu2854	0	1	2
Otu2855	0	1	2
Otu2856	0	1	2
Otu2857	0	1	2
Otu2858	0	1	2
Otu2859	0	1	2
Otu2860	0	1	2
Otu2861	0	1	2
Otu2862	0	1	2
Otu2863	0	1	2
Otu2864	0	1	2
Otu2865	0	1	2
Otu2866	0	1	2
Otu2867	0	1	2
Otu2868	0	1	2
Otu2869	0	1	2
Otu2870	0	1	2
Otu2871	0	1	2
Otu2872	0	1	2
Otu2873	0	1	2
Otu2874	0	1	2
Otu2875	0	1	2
Otu2876	0	1	2
Otu2877	0	1	2
Otu2878	0	1	2
Otu2879	0	1	2
Otu2880	0	1	2
Otu2881	0	1	2
Otu2882	0	1	2
Otu2883	0	1	2
Otu2884	0	1	2
Otu2885	0	1	2
Otu2886	0	1	2
Otu2887	0	1	2
Otu2888	0	1	2
Otu2889	0	1	2
Otu2890	0	1	2
Otu2891	0	1	2
Otu2892	63	0	2
Otu2893	43	0	2
Otu2894	19	0	2
Otu2895	9	0	2
Otu2896	7	0	2
Otu2897	5	0	2
Otu2898	4	0	2
Otu2899	2	0	2
Otu2900	2	0	2
Otu2901	2	0	2
Otu2902	2	0	2
Otu2903	1	0	2
Otu2904	1	0	2
Otu2905	1	0	2
Otu2906	1	0	2
Otu2907	1	0	2
Otu2908	1	0	2
Otu2909	1	0	2
Otu2910	1	0	2
Otu2911	1	0	2
Otu2912	1	0	2
Otu2913	1	0	2
Otu2914	1	0	2
Otu2915	1	0	2
Otu2916	1	0	2
Otu2917	1	0	2
Otu2918	1	0	2
Otu2919	1	0	2
Otu2920	1	0	2
Otu2921	1	0	2
Otu2922	1	0	2
Otu2923	1	0	2
Otu2924	0	0	2
Otu2925	0	0	2
Otu2926	0	0	2
Otu2927	0	0	2
Otu2928	0	0	2
Otu2929	0	0	2
Otu2930	0	0	2
Otu2931	0	0	2
Otu2932	0	0	2
Otu2933	0	0	2
Otu2934	0	0	2
Otu2935	0	0	2
Otu2936	0	0	2
Otu2937	0	0	2
Otu2938	0	0	2
Otu2939	0	0	2
Otu2940	0	0	2
Otu2941	0	0	2
Otu2942	0	0	2
Otu2943	0	0	2
Otu2944	0	0	2
Otu2945	0	0	2
Otu2946	0	0	2
Otu2947	0	0	2
Otu2948	0	0	2
Otu2949	0	0	2
Otu2950	0	0	2
Otu2951	0	0	2
Otu2952	0	0	2
Otu2953	0	0	2
Otu2954	0	0	2
Otu2955	0	0	2
Otu2956	0	0	2
Otu2957	0	0	2
Otu2958	0	0	2
Otu2959	0	0	2
Otu2960	0	0	2
Otu2961	0	0	2
Otu2962	0	0	2
Otu2963	0	0	2
Otu2964	0	0	2
Otu2965	0	0	2
Otu2966	0	0	2
Otu2967	0	0	2
Otu2968	0	0	2
Otu2969	0	0	2
Otu2970	0	0	2
Otu2971	0	0	2
Otu2972	0	0	2
Otu2973	0	0	2
Otu2974	0	0	2
Otu2975	0	0	2
Otu2976	0	0	2
Otu2977	0	0	2
Otu2978	0	0	2
Otu2979	0	0	2
Otu2980	0	0	2
Otu2981	0	0	2
Otu2982	0	0	2
Otu2983	0	0	2
Otu2984	0	0	2
Otu2985	0	0	2
Otu2986	0	0	2
Otu2987	0	0	2
Otu2988	0	0	2
Otu2989	0	0	2
Otu2990	0	0	2
Otu2991	0	0	2
Otu2992	0	0	2
Otu2993	0	0	2
Otu2994	0	0	2
Otu2995	0	0	2
Otu2996	0	0	2
Otu2997	0	0	2
Otu2998	0	0	2
Otu2999	0	0	2
Otu3000	0	0	2
Otu3001	0	0	2
Otu3002	0	0	2
Otu3003	0	0	2
Otu3004	0	0	2
Otu3005	0	0	2
Otu3006	0	0	2
Otu3007	0	0	2
Otu3008	0	0	2
Otu3009	0	0	2
Otu3010	0	0	2
Otu3011	0	0	2
Otu3012	0	0	2
Otu3013	0	0	2
Otu3014	0	0	2
Otu3015	0	0	2
Otu3016	0	0	2
Otu3017	0	0	2
Otu3018	0	0	2
Otu3019	0	0	2
Otu3020	0	0	2
Otu3021	0	0	2
Otu3022	0	0	2
Otu3023	0	0	2
Otu3024	0	0	2
Otu3025	0	0	2
Otu3026	0	0	2
Otu3027	0	0	2
Otu3028	0	0	2
Otu3029	0	0	2
Otu3030	0	0	2
Otu3031	0	0	2
Otu3032	0	0	2
Otu3033	0	0	2
Otu3034	0	0	2
Otu3035	0	0	2
Otu3036	0	0	2
Otu3037	0	0	2
Otu3038	0	0	2
Otu3039	0	0	2
Otu3040	0	0	2
Otu3041	0	0	2
Otu3042	0	0	2
Otu3043	0	0	2
Otu3044	0	0	2
Otu3045	0	0	2
Otu3046	0	0	2
Otu3047	0	0	2
Otu3048	0	0	2
Otu3049	0	0	2
Otu3050	0	0	2
Otu3051	0	0	2
Otu3052	0	0	2
Otu3053	0	0	2
Otu3054	0	0	2
Otu3055	0	0	2
Otu3056	0	0	2
Otu3057	0	0	2
Otu3058	0	0	2
Otu3059	0	0	2
Otu3060	0	0	2
Otu3061	0	0	2
Otu3062	0	0	2
Otu3063	0	0	2
Otu3064	0	0	2
Otu3065	0	0	2
Otu3066	0	0	2
Otu3067	0	0	2
Otu3068	0	0	2
Otu3069	0	0	2
Otu3070	0	0	2
Otu3071	0	0	2
Otu3072	0	0	2
Otu3073	0	0	2
Otu3074	0	0	2
Otu3075	0	0	2
Otu3076	0	0	2
Otu3077	0	0	2
Otu3078	0	0	2
Otu3079	0	0	2
Otu3080	0	0	2
Otu3081	0	0	2
Otu3082	0	0	2
Otu3083	0	0	2
Otu3084	0	0	2
Otu3085	0	0	2
Otu3086	0	0	2
Otu3087	0	0	2
Otu3088	0	0	2
Otu3089	0	0	2
Otu3090	0	0	2
Otu3091	0	0	2
Otu3092	0	0	2
Otu3093	0	0	2
Otu3094	0	0	2
Otu3095	0	0	2
Otu3096	0	0	2
Otu3097	0	0	2
Otu3098	0	0	2
Otu3099	0	0	2
Otu3100	0	0	2
Otu3101	0	0	2
Otu3102	0	0	2
Otu3103	0	0	2
Otu3104	0	0	2
Otu3105	0	0	2
Otu3106	0	0	2
Otu3107	0	0	2
Otu3108	0	0	2
Otu3109	0	0	2
Otu3110	0	0	2
Otu3111	0	0	2
Otu3112	0	0	2
Otu3113	0	0	2
Otu3114	0	0	2
Otu3115	0	0	2
Otu3116	0	0	2
Otu3117	0	0	2
Otu3118	0	0	2
Otu3119	0	0	2
Otu3120	0	0	2
Otu3121	0	0	2
Otu3122	0	0	2
Otu3123	0	0	2
Otu3124	0	0	2
Otu3125	0	0	2
Otu3126	0	0	2
Otu3127	0	0	2
Otu3128	0	0	2
Otu3129	0	0	2
Otu3130	0	0	2
Otu3131	0	0	2
Otu3132	0	0	2
Otu3133	0	0	2
Otu3134	0	0	2
Otu3135	0	0	2
Otu3136	0	0	2
Otu3137	0	0	2
Otu3138	0	0	2
Otu3139	0	0	2
Otu3140	0	0	2
Otu3141	0	0	2
Otu3142	0	0	2
Otu3143	0	0	2
Otu3144	0	0	2
Otu3145	0	0	2
Otu3146	0	0	2
Otu3147	0	0	2
Otu3148	0	0	2
Otu3149	0	0	2
Otu3150	0	0	2
Otu3151	0	0	2
Otu3152	0	0	2
Otu3153	0	0	2
Otu3154	0	0	2
Otu3155	0	0	2
Otu3156	0	0	2
Otu3157	0	0	2
Otu3158	0	0	2
Otu3159	0	0	2
Otu3160	0	0	2
Otu3161	0	0	2
Otu3162	0	0	2
Otu3163	0	0	2
Otu3164	0	0	2
Otu3165	0	0	2
Otu3166	0	0	2
Otu3167	0	0	2
Otu3168	0	0	2
Otu3169	0	0	2
Otu3170	0	0	2
Otu3171	0	0	2
Otu3172	0	0	2
Otu3173	0	0	2
Otu3174	0	0	2
Otu3175	0	0	2
Otu3176	0	0	2
Otu3177	0	0	2
Otu3178	0	0	2
Otu3179	0	0	2
Otu3180	0	0	2
Otu3181	0	0	2
Otu3182	0	0	2
Otu3183	0	0	2
Otu3184	0	0	2
Otu3185	0	0	2
Otu3186	0	0	2
Otu3187	0	0	2
Otu3188	0	0	2
Otu3189	0	0	2
Otu3190	0	0	2
Otu3191	0	0	2
Otu3192	0	0	2
Otu3193	0	0	2
Otu3194	0	0	2
Otu3195	0	0	2
Otu3196	0	0	2
Otu3197	0	0	2
Otu3198	0	0	2
Otu3199	0	83	1
Otu3200	0	41	1
Otu3201	0	36	1
Otu3202	457	32	1
Otu3203	0	26	1
Otu3204	0	26	1
Otu3205	440	24	1
Otu3206	549	23	1
Otu3207	286	22	1
Otu3208	494	20	1
Otu3209	318	19	1
Otu3210	23	15	1
Otu3211	1	15	1
Otu3212	297	14	1
Otu3213	1	14	1
Otu3214	210	13	1
Otu3215	2	13	1
Otu3216	92	12	1
Otu3217	1	12	1
Otu3218	0	12	1
Otu3219	204	11	1
Otu3220	172	10	1
Otu3221	145	10	1
Otu3222	27	10	1
Otu3223	2	10	1
Otu3224	1	10	1
Otu3225	38	9	1
Otu3226	1	9	1
Otu3227	161	7	1
Otu3228	1	7	1
Otu3229	0	7	1
Otu3230	0	7	1
Otu3231	134	6	1
Otu3232	124	6	1
Otu3233	100	6	1
Otu3234	1	6	1
Otu3235	0	6	1
Otu3236	53	5	1
Otu3237	5	5	1
Otu3238	1	5	1
Otu3239	0	5	1
Otu3240	0	5	1
Otu3241	0	5	1
Otu3242	117	4	1
Otu3243	66	4	1
Otu3244	65	4	1
Otu3245	50	4	1
Otu3246	40	4	1
Otu3247	31	4	1
Otu3248	22	4	1
Otu3249	15	4	1
Otu3250	3	4	1
Otu3251	2	4	1
Otu3252	2	4	1
Otu3253	0	4	1
Otu3254	0	4	1
Otu3255	0	4	1
Otu3256	0	4	1
Otu3257	0	4	1
Otu3258	0	4	1
Otu3259	0	4	1
Otu3260	122	3	1
Otu3261	57	3	1
Otu3262	24	3	1
Otu3263	21	3	1
Otu3264	13	3	1
Otu3265	5	3	1
Otu3266	2	3	1
Otu3267	1	3	1
Otu3268	1	3	1
Otu3269	1	3	1
Otu3270	1	3	1
Otu3271	0	3	1
Otu3272	0	3	1
Otu3273	0	3	1
Otu3274	0	3	1
Otu3275	0	3	1
Otu3276	0	3	1
Otu3277	0	3	1
Otu3278	0	3	1
Otu3279	0	3	1
Otu3280	0	3	1
Otu3281	0	3	1
Otu3282	0	3	1
Otu3283	0	3	1
Otu3284	0	3	1
Otu3285	0	3	1
Otu3286	0	3	1
Otu3287	0	3	1
Otu3288	100	2	1
Otu3289	72	2	1
Otu3290	45	2	1
Otu3291	41	2	1
Otu3292	41	2	1
Otu3293	34	2	1
Otu3294	21	2	1
Otu3295	13	2	1
Otu3296	10	2	1
Otu3297	3	2	1
Otu3298	3	2	1
Otu3299	1	2	1
Otu3300	1	2	1
Otu3301	1	2	1
Otu3302	1	2	1
Otu3303	1	2	1
Otu3304	0	2	1
Otu3305	0	2	1
Otu3306	0	2	1
Otu3307	0	2	1
Otu3308	0	2	1
Otu3309	0	2	1
Otu3310	0	2	1
Otu3311	0	2	1
Otu3312	0	2	1
Otu3313	0	2	1
Otu3314	0	2	1
Otu3315	0	2	1
Otu3316	0	2	1
Otu3317	0	2	1
Otu3318	0	2	1
Otu3319	0	2	1
Otu3320	0	2	1
Otu3321	0	2	1
Otu3322	0	2	1
Otu3323	0	2	1
Otu3324	0	2	1
Otu3325	0	2	1
Otu3326	0	2	1
Otu3327	0	2	1
Otu3328	0	2	1
Otu3329	0	2	1
Otu3330	0	2	1
Otu3331	0	2	1
Otu3332	0	2	1
Otu3333	0	2	1
Otu3334	0	2	1
Otu3335	0	2	1
Otu3336	0	2	1
Otu3337	0	2	1
Otu3338	0	2	1
Otu3339	0	2	1
Otu3340	0	2	1
Otu3341	0	2	1
Otu3342	0	2	1
Otu3343	0	2	1
Otu3344	0	2	1
Otu3345	0	2	1
Otu3346	58	1	1
Otu3347	42	1	1
Otu3348	32	1	1
Otu3349	31	1	1
Otu3350	29	1	1
Otu3351	17	1	1
Otu3352	16	1	1
Otu3353	14	1	1
Otu3354	10	1	1
Otu3355	7	1	1
Otu3356	5	1	1
Otu3357	3	1	1
Otu3358	3	1	1
Otu3359	3	1	1
Otu3360	2	1	1
Otu3361	1	1	1
Otu3362	1	1	1
Otu3363	1	1	1
Otu3364	1	1	1
Otu3365	1	1	1
Otu3366	1	1	1
Otu3367	1	1	1
Otu3368	1	1	1
Otu3369	0	1	1
Otu3370	0	1	1
Otu3371	0	1	1
Otu3372	0	1	1
Otu3373	0	1	1
Otu3374	0	1	1
Otu3375	0	1	1
Otu3376	0	1	1
Otu3377	0	1	1
Otu3378	0	1	1
Otu3379	0	1	1
Otu3380	0	1	1
Otu3381	0	1	1
Otu3382	0	1	1
Otu3383	0	1	1
Otu3384	0	1	1
Otu3385	0	1	1
Otu3386	0	1	1
Otu3387	0	1	1
Otu3388	0	1	1
Otu3389	0	1	1
Otu3390	0	1	1
Otu3391	0	1	1
Otu3392	0	1	1
Otu3393	0	1	1
Otu3394	0	1	1
Otu3395	0	1	1
Otu3396	0	1	1
Otu3397	0	1	1
Otu3398	0	1	1
Otu3399	0	1	1
Otu3400	0	1	1
Otu3401	0	1	1
Otu3402	0	1	1
Otu3403	0	1	1
Otu3404	0	1	1
Otu3405	0	1	1
Otu3406	0	1	1
Otu3407	0	1	1
Otu3408	0	1	1
Otu3409	0	1	1
Otu3410	0	1	1
Otu3411	0	1	1
Otu3412	0	1	1
Otu3413	0	1	1
Otu3414	0	1	1
Otu3415	0	1	1
Otu3416	0	1	1
Otu3417	0	1	1
Otu3418	0	1	1
Otu3419	0	1	1
Otu3420	0	1	1
Otu3421	0	1	1
Otu3422	0	1	1
Otu3423	0	1	1
Otu3424	0	1	1
Otu3425	0	1	1
Otu3426	0	1	1
Otu3427	0	1	1
Otu3428	0	1	1
Otu3429	0	1	1
Otu3430	0	1	1
Otu3431	0	1	1
Otu3432	0	1	1
Otu3433	0	1	1
Otu3434	0	1	1
Otu3435	0	1	1
Otu3436	0	1	1
Otu3437	0	1	1
Otu3438	0	1	1
Otu3439	0	1	1
Otu3440	0	1	1
Otu3441	0	1	1
Otu3442	0	1	1
Otu3443	0	1	1
Otu3444	0	1	1
Otu3445	0	1	1
Otu3446	0	1	1
Otu3447	0	1	1
Otu3448	0	1	1
Otu3449	0	1	1
Otu3450	0	1	1
Otu3451	0	1	1
Otu3452	0	1	1
Otu3453	0	1	1
Otu3454	0	1	1
Otu3455	0	1	1
Otu3456	0	1	1
Otu3457	0	1	1
Otu3458	0	1	1
Otu3459	0	1	1
Otu3460	0	1	1
Otu3461	0	1	1
Otu3462	26	0	1
Otu3463	16	0	1
Otu3464	13	0	1
Otu3465	12	0	1
Otu3466	11	0	1
Otu3467	10	0	1
Otu3468	10	0	1
Otu3469	8	0	1
Otu3470	7	0	1
Otu3471	7	0	1
Otu3472	6	0	1
Otu3473	6	0	1
Otu3474	6	0	1
Otu3475	5	0	1
Otu3476	5	0	1
Otu3477	5	0	1
Otu3478	4	0	1
Otu3479	4	0	1
Otu3480	4	0	1
Otu3481	3	0	1
Otu3482	3	0	1
Otu3483	3	0	1
Otu3484	3	0	1
Otu3485	3	0	1
Otu3486	3	0	1
Otu3487	3	0	1
Otu3488	2	0	1
Otu3489	2	0	1
Otu3490	2	0	1
Otu3491	2	0	1
Otu3492	2	0	1
Otu3493	2	0	1
Otu3494	2	0	1
Otu3495	1	0	1
Otu3496	1	0	1
Otu3497	1	0	1
Otu3498	1	0	1
Otu3499	1	0	1
Otu3500	1	0	1
Otu3501	1	0	1
Otu3502	1	0	1
Otu3503	1	0	1
Otu3504	1	0	1
Otu3505	1	0	1
Otu3506	1	0	1
Otu3507	1	0	1
Otu3508	1	0	1
Otu3509	1	0	1
Otu3510	1	0	1
Otu3511	1	0	1
Otu3512	1	0	1
Otu3513	1	0	1
Otu3514	1	0	1
Otu3515	1	0	1
Otu3516	1	0	1
Otu3517	1	0	1
Otu3518	1	0	1
Otu3519	1	0	1
Otu3520	1	0	1
Otu3521	1	0	1
Otu3522	1	0	1
Otu3523	1	0	1
Otu3524	1	0	1
Otu3525	1	0	1
Otu3526	1	0	1
Otu3527	1	0	1
Otu3528	1	0	1
Otu3529	1	0	1
Otu3530	1	0	1
Otu3531	1	0	1
Otu3532	0	0	1
Otu3533	0	0	1
Otu3534	0	0	1
Otu3535	0	0	1
Otu3536	0	0	1
Otu3537	0	0	1
Otu3538	0	0	1
Otu3539	0	0	1
Otu3540	0	0	1
Otu3541	0	0	1
Otu3542	0	0	1
Otu3543	0	0	1
Otu3544	0	0	1
Otu3545	0	0	1
Otu3546	0	0	1
Otu3547	0	0	1
Otu3548	0	0	1
Otu3549	0	0	1
Otu3550	0	0	1
Otu3551	0	0	1
Otu3552	0	0	1
Otu3553	0	0	1
Otu3554	0	0	1
Otu3555	0	0	1
Otu3556	0	0	1
Otu3557	0	0	1
Otu3558	0	0	1
Otu3559	0	0	1
Otu3560	0	0	1
Otu3561	0	0	1
Otu3562	0	0	1
Otu3563	0	0	1
Otu3564	0	0	1
Otu3565	0	0	1
Otu3566	0	0	1
Otu3567	0	0	1
Otu3568	0	0	1
Otu3569	0	0	1
Otu3570	0	0	1
Otu3571	0	0	1
Otu3572	0	0	1
Otu3573	0	0	1
Otu3574	0	0	1
Otu3575	0	0	1
Otu3576	0	0	1
Otu3577	0	0	1
Otu3578	0	0	1
Otu3579	0	0	1
Otu3580	0	0	1
Otu3581	0	0	1
Otu3582	0	0	1
Otu3583	0	0	1
Otu3584	0	0	1
Otu3585	0	0	1
Otu3586	0	0	1
Otu3587	0	0	1
Otu3588	0	0	1
Otu3589	0	0	1
Otu3590	0	0	1
Otu3591	0	0	1
Otu3592	0	0	1
Otu3593	0	0	1
Otu3594	0	0	1
Otu3595	0	0	1
Otu3596	0	0	1
Otu3597	0	0	1
Otu3598	0	0	1
Otu3599	0	0	1
Otu3600	0	0	1
Otu3601	0	0	1
Otu3602	0	0	1
Otu3603	0	0	1
Otu3604	0	0	1
Otu3605	0	0	1
Otu3606	0	0	1
Otu3607	0	0	1
Otu3608	0	0	1
Otu3609	0	0	1
Otu3610	0	0	1
Otu3611	0	0	1
Otu3612	0	0	1
Otu3613	0	0	1
Otu3614	0	0	1
Otu3615	0	0	1
Otu3616	0	0	1
Otu3617	0	0	1
Otu3618	0	0	1
Otu3619	0	0	1
Otu3620	0	0	1
Otu3621	0	0	1
Otu3622	0	0	1
Otu3623	0	0	1
Otu3624	0	0	1
Otu3625	0	0	1
Otu3626	0	0	1
Otu3627	0	0	1
Otu3628	0	0	1
Otu3629	0	0	1
Otu3630	0	0	1
Otu3631	0	0	1
Otu3632	0	0	1
Otu3633	0	0	1
Otu3634	0	0	1
Otu3635	0	0	1
Otu3636	0	0	1
Otu3637	0	0	1
Otu3638	0	0	1
Otu3639	0	0	1
Otu3640	0	0	1
Otu3641	0	0	1
Otu3642	0	0	1
Otu3643	0	0	1
Otu3644	0	0	1
Otu3645	0	0	1
Otu3646	0	0	1
Otu3647	0	0	1
Otu3648	0	0	1
Otu3649	0	0	1
Otu3650	0	0	1
Otu3651	0	0	1
Otu3652	0	0	1
Otu3653	0	0	1
Otu3654	0	0	1
Otu3655	0	0	1
Otu3656	0	0	1
Otu3657	0	0	1
Otu3658	0	0	1
Otu3659	0	0	1
Otu3660	0	0	1
Otu3661	0	0	1
Otu3662	0	0	1
Otu3663	0	0	1
Otu3664	0	0	1
Otu3665	0	0	1
Otu3666	0	0	1
Otu3667	0	0	1
Otu3668	0	0	1
Otu3669	0	0	1
Otu3670	0	0	1
Otu3671	0	0	1
Otu3672	0	0	1
Otu3673	0	0	1
Otu3674	0	0	1
Otu3675	0	0	1
Otu3676	0	0	1
Otu3677	0	0	1
Otu3678	0	0	1
Otu3679	0	0	1
Otu3680	0	0	1
Otu3681	0	0	1
Otu3682	0	0	1
Otu3683	0	0	1
Otu3684	0	0	1
Otu3685	0	0	1
Otu3686	0	0	1
Otu3687	0	0	1
Otu3688	0	0	1
Otu3689	0	0	1
Otu3690	0	0	1
Otu3691	0	0	1
Otu3692	0	0	1
Otu3693	0	0	1
Otu3694	0	0	1
Otu3695	0	0	1
Otu3696	0	0	1
Otu3697	0	0	1
Otu3698	0	0	1
Otu3699	0	0	1
Otu3700	0	0	1
Otu3701	0	0	1
Otu3702	0	0	1
Otu3703	0	0	1
Otu3704	0	0	1
Otu3705	0	0	1
Otu3706	0	0	1
Otu3707	0	0	1
Otu3708	0	0	1
Otu3709	0	0	1
Otu3710	0	0	1
Otu3711	0	0	1
Otu3712	0	0	1
Otu3713	0	0	1
Otu3714	0	0	1
Otu3715	0	0	1
Otu3716	0	0	1
Otu3717	0	0	1
Otu3718	0	0	1
Otu3719	0	0	1
Otu3720	0	0	1
Otu3721	0	0	1
Otu3722	0	0	1
Otu3723	0	0	1
Otu3724	0	0	1
Otu3725	0	0	1
Otu3726	0	0	1
Otu3727	0	0	1
Otu3728	0	0	1
Otu3729	0	0	1
Otu3730	0	0	1
Otu3731	0	0	1
Otu3732	0	0	1
Otu3733	0	0	1
Otu3734	0	0	1
Otu3735	0	0	1
Otu3736	0	0	1
Otu3737	0	0	1
Otu3738	0	0	1
Otu3739	0	0	1
Otu3740	0	0	1
Otu3741	0	0	1
Otu3742	0	0	1
Otu3743	0	0	1
Otu3744	0	0	1
Otu3745	0	0	1
Otu3746	0	0	1
Otu3747	0	0	1
Otu3748	0	0	1
Otu3749	0	0	1
Otu3750	0	0	1
Otu3751	0	0	1
Otu3752	0	0	1
Otu3753	0	0	1
Otu3754	0	0	1
Otu3755	0	0	1
Otu3756	0	0	1
Otu3757	0	0	1
Otu3758	0	0	1
Otu3759	0	0	1
Otu3760	0	0	1
Otu3761	0	0	1
Otu3762	0	0	1
Otu3763	0	0	1
Otu3764	0	0	1
Otu3765	0	0	1
Otu3766	0	0	1
Otu3767	0	0	1
Otu3768	0	0	1
Otu3769	0	0	1
Otu3770	0	0	1
Otu3771	0	0	1
Otu3772	0	0	1
Otu3773	0	0	1
Otu3774	0	0	1
Otu3775	0	0	1
Otu3776	0	0	1
Otu3777	0	0	1
Otu3778	0	0	1
Otu3779	0	0	1
Otu3780	0	0	1
Otu3781	0	0	1
Otu3782	0	0	1
Otu3783	0	0	1
Otu3784	0	0	1
Otu3785	0	0	1
Otu3786	0	0	1
Otu3787	0	0	1
Otu3788	0	0	1
Otu3789	0	0	1
Otu3790	0	0	1
Otu3791	0	0	1
Otu3792	0	0	1
Otu3793	0	0	1
Otu3794	0	0	1
Otu3795	0	0	1
Otu3796	0	0	1
Otu3797	0	0	1
Otu3798	0	0	1
Otu3799	0	0	1
Otu3800	0	0	1
Otu3801	0	0	1
Otu3802	0	0	1
Otu3803	0	0	1
Otu3804	0	0	1
Otu3805	0	0	1
Otu3806	0	0	1
Otu3807	0	0	1
Otu3808	0	0	1
Otu3809	0	0	1
Otu3810	0	0	1
Otu3811	0	0	1
Otu3812	0	0	1
Otu3813	0	0	1
Otu3814	0	0	1
Otu3815	0	0	1
Otu3816	0	0	1
Otu3817	0	0	1
Otu3818	0	0	1
Otu3819	0	0	1
Otu3820	0	0	1
Otu3821	0	0	1
Otu3822	0	0	1
Otu3823	0	0	1
Otu3824	0	0	1
Otu3825	0	0	1
Otu3826	0	0	1
Otu3827	0	0	1
Otu3828	0	0	1
Otu3829	0	0	1
Otu3830	0	0	1
Otu3831	0	0	1
Otu3832	0	0	1
Otu3833	0	0	1
Otu3834	0	0	1
Otu3835	0	0	1
Otu3836	0	0	1
Otu3837	0	0	1
Otu3838	0	0	1
Otu3839	0	0	1
Otu3840	0	0	1
Otu3841	0	0	1
Otu3842	0	0	1
Otu3843	0	0	1
Otu3844	0	0	1
Otu3845	0	0	1
Otu3846	0	0	1
Otu3847	0	0	1
Otu3848	0	0	1
Otu3849	0	0	1
Otu3850	0	0	1
Otu3851	0	0	1
Otu3852	0	0	1
Otu3853	0	0	1
Otu3854	0	0	1
Otu3855	0	0	1
Otu3856	0	0	1
Otu3857	0	0	1
Otu3858	0	0	1
Otu3859	0	0	1
Otu3860	0	0	1
Otu3861	0	0	1
Otu3862	0	0	1
Otu3863	0	0	1
Otu3864	0	0	1
Otu3865	0	0	1
Otu3866	0	0	1
Otu3867	0	0	1
Otu3868	0	0	1
Otu3869	0	0	1
Otu3870	0	0	1
Otu3871	0	0	1
Otu3872	0	0	1
Otu3873	0	0	1
Otu3874	0	0	1
Otu3875	0	0	1
Otu3876	0	0	1
Otu3877	0	0	1
Otu3878	0	0	1
Otu3879	0	0	1
Otu3880	0	0	1
Otu3881	0	0	1
Otu3882	0	0	1
Otu3883	0	0	1
Otu3884	0	0	1
Otu3885	0	0	1
Otu3886	0	0	1
Otu3887	0	0	1
Otu3888	0	0	1
Otu3889	0	0	1
Otu3890	0	0	1
Otu3891	0	0	1
Otu3892	0	0	1
Otu3893	0	0	1
Otu3894	0	0	1
Otu3895	0	0	1
Otu3896	0	0	1
Otu3897	0	0	1
Otu3898	0	0	1
Otu3899	0	0	1
Otu3900	0	0	1
Otu3901	0	0	1
Otu3902	0	0	1
Otu3903	0	0	1
Otu3904	0	0	1
Otu3905	0	0	1
Otu3906	0	0	1
Otu3907	0	0	1
Otu3908	0	0	1
Otu3909	0	0	1
Otu3910	0	0	1
Otu3911	0	0	1
Otu3912	0	0	1
Otu3913	0	0	1
Otu3914	0	0	1
Otu3915	0	0	1
Otu3916	0	0	1
Otu3917	0	0	1
Otu3918	0	0	1
Otu3919	0	0	1
Otu3920	0	0	1
Otu3921	0	0	1
Otu3922	0	0	1
Otu3923	0	0	1
Otu3924	0	0	1
Otu3925	0	0	1
Otu3926	0	0	1
Otu3927	0	0	1
Otu3928	0	0	1
Otu3929	0	0	1
Otu3930	0	0	1
Otu3931	0	0	1
Otu3932	0	0	1
Otu3933	0	0	1
Otu3934	0	0	1
Otu3935	0	0	1
Otu3936	0	0	1
Otu3937	0	0	1
Otu3938	0	0	1
Otu3939	0	0	1
Otu3940	0	0	1
Otu3941	0	0	1
Otu3942	0	0	1
Otu3943	0	0	1
Otu3944	0	0	1
Otu3945	0	0	1
Otu3946	0	0	1
Otu3947	0	0	1
Otu3948	0	0	1
Otu3949	0	0	1
Otu3950	0	0	1
Otu3951	0	0	1
Otu3952	0	0	1
Otu3953	0	0	1
Otu3954	0	0	1
Otu3955	0	0	1
Otu3956	0	0	1
Otu3957	0	0	1
Otu3958	0	0	1
Otu3959	0	0	1
Otu3960	0	0	1
Otu3961	0	0	1
Otu3962	0	0	1
Otu3963	0	0	1
Otu3964	0	0	1
Otu3965	0	0	1
Otu3966	0	0	1
Otu3967	0	0	1
Otu3968	0	0	1
Otu3969	0	0	1
Otu3970	0	0	1
Otu3971	0	0	1
Otu3972	0	0	1
Otu3973	0	0	1
Otu3974	0	0	1
Otu3975	0	0	1
Otu3976	0	0	1
Otu3977	0	0	1
Otu3978	0	0	1
Otu3979	0	0	1
Otu3980	0	0	1
Otu3981	0	0	1
Otu3982	0	0	1
Otu3983	0	0	1
Otu3984	0	0	1
Otu3985	0	0	1
Otu3986	0	0	1
Otu3987	0	0	1
Otu3988	0	0	1
Otu3989	0	0	1
Otu3990	0	0	1
Otu3991	0	0	1
Otu3992	0	0	1
Otu3993	0	0	1
Otu3994	0	0	1
Otu3995	0	0	1
Otu3996	0	0	1
Otu3997	0	0	1
Otu3998	0	0	1
Otu3999	0	0	1
Otu4000	0	0	1
Otu4001	0	0	1
Otu4002	0	0	1
Otu4003	0	0	1
Otu4004	0	0	1
Otu4005	0	0	1
Otu4006	0	0	1
Otu4007	0	0	1
Otu4008	0	0	1
Otu4009	0	0	1
Otu4010	0	0	1
Otu4011	0	0	1
Otu4012	0	0	1
Otu4013	0	0	1
Otu4014	0	0	1
Otu4015	0	0	1
Otu4016	0	0	1
Otu4017	0	0	1
Otu4018	0	0	1
Otu4019	0	0	1
Otu4020	0	0	1
Otu4021	0	0	1
Otu4022	0	0	1
Otu4023	0	0	1
Otu4024	0	0	1
Otu4025	0	0	1
Otu4026	0	0	1
Otu4027	0	0	1
Otu4028	0	0	1
Otu4029	0	0	1
Otu4030	0	0	1
Otu4031	0	0	1
Otu4032	0	0	1
Otu4033	0	0	1
Otu4034	0	0	1
Otu4035	0	0	1
Otu4036	0	0	1
Otu4037	0	0	1
Otu4038	0	0	1
Otu4039	0	0	1
Otu4040	0	0	1
Otu4041	0	0	1
Otu4042	0	0	1
Otu4043	0	0	1
Otu4044	0	0	1
Otu4045	0	0	1
Otu4046	0	0	1
Otu4047	0	0	1
Otu4048	0	0	1
Otu4049	0	0	1
Otu4050	0	0	1
Otu4051	0	0	1
Otu4052	0	0	1
Otu4053	0	0	1
Otu4054	0	0	1
Otu4055	0	0	1
Otu4056	0	0	1
Otu4057	0	0	1
Otu4058	0	0	1
Otu4059	0	0	1
Otu4060	0	0	1
Otu4061	0	0	1
Otu4062	0	0	1
Otu4063	0	0	1
Otu4064	0	0	1
Otu4065	0	0	1
Otu4066	0	0	1
Otu4067	0	0	1
Otu4068	0	0	1
Otu4069	0	0	1
Otu4070	0	0	1
Otu4071	0	0	1
Otu4072	0	0	1
Otu4073	0	0	1
Otu4074	0	0	1
Otu4075	0	0	1
Otu4076	0	0	1
Otu4077	0	0	1
Otu4078	0	0	1
Otu4079	0	0	1
Otu4080	0	0	1
Otu4081	0	0	1
Otu4082	0	0	1
Otu4083	0	0	1
Otu4084	0	0	1
Otu4085	0	0	1
Otu4086	0	0	1
Otu4087	0	0	1
Otu4088	0	0	1
Otu4089	0	0	1
Otu4090	0	0	1
Otu4091	0	0	1
Otu4092	0	0	1
Otu4093	0	0	1
Otu4094	0	0	1
Otu4095	0	0	1
Otu4096	0	0	1
Otu4097	0	0	1
Otu4098	0	0	1
Otu4099	0	0	1
Otu4100	0	0	1
Otu4101	0	0	1
Otu4102	0	0	1
Otu4103	0	0	1
Otu4104	0	0	1
Otu4105	0	0	1
Otu4106	0	0	1
Otu4107	0	0	1
Otu4108	0	0	1
Otu4109	0	0	1
Otu4110	0	0	1
Otu4111	0	0	1
Otu4112	0	0	1
Otu4113	0	0	1
Otu4114	0	0	1
Otu4115	0	0	1
Otu4116	0	0	1
Otu4117	0	0	1
Otu4118	0	0	1
Otu4119	0	0	1
Otu4120	0	0	1
Otu4121	0	0	1
Otu4122	0	0	1
Otu4123	0	0	1
Otu4124	0	0	1
Otu4125	0	0	1
Otu4126	0	0	1
Otu4127	0	0	1
Otu4128	0	0	1
Otu4129	0	0	1
Otu4130	0	0	1
Otu4131	0	0	1
Otu4132	0	0	1
Otu4133	0	0	1
Otu4134	0	0	1
Otu4135	0	0	1
Otu4136	0	0	1
Otu4137	0	0	1
Otu4138	0	0	1
Otu4139	0	0	1
Otu4140	0	0	1
Otu4141	0	0	1
Otu4142	0	0	1
Otu4143	0	0	1
Otu4144	0	0	1
Otu4145	0	0	1
Otu4146	0	0	1
Otu4147	0	0	1
Otu4148	0	0	1
Otu4149	0	0	1
Otu4150	0	0	1
Otu4151	0	0	1
Otu4152	0	0	1
Otu4153	0	0	1
Otu4154	0	0	1
Otu4155	0	0	1
Otu4156	0	0	1
Otu4157	0	0	1
Otu4158	0	0	1
Otu4159	0	0	1
Otu4160	0	0	1
Otu4161	0	0	1
Otu4162	0	0	1
Otu4163	0	0	1
Otu4164	0	0	1
Otu4165	0	0	1
Otu4166	0	0	1
Otu4167	0	0	1
Otu4168	0	0	1
Otu4169	0	0	1
Otu4170	0	0	1
Otu4171	0	0	1
Otu4172	0	0	1
Otu4173	0	0	1
Otu4174	0	0	1
Otu4175	0	0	1
Otu4176	0	0	1
Otu4177	0	0	1
Otu4178	0	0	1
Otu4179	0	0	1
Otu4180	0	0	1
Otu4181	0	0	1
Otu4182	0	0	1
Otu4183	0	0	1
Otu4184	0	0	1
Otu4185	0	0	1
Otu4186	0	0	1
Otu4187	0	0	1
Otu4188	0	0	1
Otu4189	0	0	1
Otu4190	0	0	1
Otu4191	0	0	1
Otu4192	0	0	1
Otu4193	0	0	1
Otu4194	0	0	1
Otu4195	0	0	1
Otu4196	0	0	1
Otu4197	0	0	1
Otu4198	0	0	1
Otu4199	0	0	1
Otu4200	0	0	1
Otu4201	0	0	1
Otu4202	0	0	1
Otu4203	0	0	1
Otu4204	0	0	1
Otu4205	0	0	1
Otu4206	0	0	1
Otu4207	0	0	1
Otu4208	0	0	1
Otu4209	0	0	1
Otu4210	0	0	1
Otu4211	0	0	1
Otu4212	0	0	1
Otu4213	0	0	1
Otu4214	0	0	1
Otu4215	0	0	1
Otu4216	0	0	1
Otu4217	0	0	1
Otu4218	0	0	1
Otu4219	0	0	1
Otu4220	0	0	1
Otu4221	0	0	1
Otu4222	0	0	1
Otu4223	0	0	1
Otu4224	0	0	1
Otu4225	0	0	1
Otu4226	0	0	1
Otu4227	0	0	1
Otu4228	0	0	1
Otu4229	0	0	1
Otu4230	0	0	1
Otu4231	0	0	1
Otu4232	0	0	1
Otu4233	0	0	1
Otu4234	0	0	1
Otu4235	0	0	1
Otu4236	0	0	1
Otu4237	0	0	1
Otu4238	0	0	1
Otu4239	0	0	1
Otu4240	0	0	1
Otu4241	0	0	1
Otu4242	0	0	1
Otu4243	0	0	1
Otu4244	0	0	1
Otu4245	0	0	1
Otu4246	0	0	1
Otu4247	0	0	1
Otu4248	0	0	1
Otu4249	0	0	1
Otu4250	0	0	1
Otu4251	0	0	1
Otu4252	0	0	1
Otu4253	0	0	1
Otu4254	0	0	1
Otu4255	0	0	1
Otu4256	0	0	1
Otu4257	0	0	1
Otu4258	0	0	1
Otu4259	0	0	1
Otu4260	0	0	1
Otu4261	0	0	1
Otu4262	0	0	1
Otu4263	0	0	1
Otu4264	0	0	1
Otu4265	0	0	1
Otu4266	0	0	1
Otu4267	0	0	1
Otu4268	0	0	1
Otu4269	0	0	1
Otu4270	0	0	1
Otu4271	0	0	1
Otu4272	0	0	1
Otu4273	0	0	1
Otu4274	0	0	1
Otu4275	0	0	1
Otu4276	0	0	1
Otu4277	0	0	1
Otu4278	0	0	1
Otu4279	0	0	1
Otu4280	0	0	1
Otu4281	0	0	1
Otu4282	0	0	1
Otu4283	0	0	1
Otu4284	0	0	1
Otu4285	0	0	1
Otu4286	0	0	1
Otu4287	0	0	1
Otu4288	0	0	1
Otu4289	0	0	1
Otu4290	0	0	1
Otu4291	0	0	1
Otu4292	0	0	1
Otu4293	0	0	1
Otu4294	0	0	1
Otu4295	0	0	1
Otu4296	0	0	1
Otu4297	0	0	1
Otu4298	0	0	1
Otu4299	0	0	1
Otu4300	0	0	1
Otu4301	0	0	1
Otu4302	0	0	1
Otu4303	0	0	1
Otu4304	0	0	1
Otu4305	0	0	1
Otu4306	0	0	1
Otu4307	0	0	1
Otu4308	0	0	1
Otu4309	0	0	1
Otu4310	0	0	1
Otu4311	0	0	1
Otu4312	520	32	0
Otu4313	461	30	0
Otu4314	3	29	0
Otu4315	2	25	0
Otu4316	1	25	0
Otu4317	0	23	0
Otu4318	111	20	0
Otu4319	0	18	0
Otu4320	2	15	0
Otu4321	0	15	0
Otu4322	0	15	0
Otu4323	153	14	0
Otu4324	0	13	0
Otu4325	0	13	0
Otu4326	255	12	0
Otu4327	204	12	0
Otu4328	67	11	0
Otu4329	0	11	0
Otu4330	158	10	0
Otu4331	0	10	0
Otu4332	211	9	0
Otu4333	86	9	0
Otu4334	0	9	0
Otu4335	197	8	0
Otu4336	0	8	0
Otu4337	194	7	0
Otu4338	72	7	0
Otu4339	1	7	0
Otu4340	1	7	0
Otu4341	1	7	0
Otu4342	1	7	0
Otu4343	0	7	0
Otu4344	0	7	0
Otu4345	0	7	0
Otu4346	0	7	0
Otu4347	0	7	0
Otu4348	91	6	0
Otu4349	82	6	0
Otu4350	30	6	0
Otu4351	26	6	0
Otu4352	1	6	0
Otu4353	0	6	0
Otu4354	0	6	0
Otu4355	0	6	0
Otu4356	0	6	0
Otu4357	0	6	0
Otu4358	0	6	0
Otu4359	0	6	0
Otu4360	171	5	0
Otu4361	103	5	0
Otu4362	72	5	0
Otu4363	39	5	0
Otu4364	37	5	0
Otu4365	15	5	0
Otu4366	11	5	0
Otu4367	1	5	0
Otu4368	0	5	0
Otu4369	0	5	0
Otu4370	0	5	0
Otu4371	0	5	0
Otu4372	0	5	0
Otu4373	0	5	0
Otu4374	0	5	0
Otu4375	0	5	0
Otu4376	0	5	0
Otu4377	0	5	0
Otu4378	0	5	0
Otu4379	102	4	0
Otu4380	94	4	0
Otu4381	73	4	0
Otu4382	53	4	0
Otu4383	23	4	0
Otu4384	20	4	0
Otu4385	19	4	0
Otu4386	9	4	0
Otu4387	8	4	0
Otu4388	3	4	0
Otu4389	1	4	0
Otu4390	0	4	0
Otu4391	0	4	0
Otu4392	0	4	0
Otu4393	0	4	0
Otu4394	0	4	0
Otu4395	0	4	0
Otu4396	0	4	0
Otu4397	0	4	0
Otu4398	0	4	0
Otu4399	0	4	0
Otu4400	0	4	0
Otu4401	0	4	0
Otu4402	0	4	0
Otu4403	0	4	0
Otu4404	0	4	0
Otu4405	0	4	0
Otu4406	0	4	0
Otu4407	0	4	0
Otu4408	0	4	0
Otu4409	0	4	0
Otu4410	0	4	0
Otu4411	0	4	0
Otu4412	0	4	0
Otu4413	0	4	0
Otu4414	0	4	0
Otu4415	0	4	0
Otu4416	0	4	0
Otu4417	0	4	0
Otu4418	0	4	0
Otu4419	141	3	0
Otu4420	112	3	0
Otu4421	73	3	0
Otu4422	72	3	0
Otu4423	51	3	0
Otu4424	49	3	0
Otu4425	45	3	0
Otu4426	45	3	0
Otu4427	41	3	0
Otu4428	38	3	0
Otu4429	34	3	0
Otu4430	32	3	0
Otu4431	23	3	0
Otu4432	20	3	0
Otu4433	17	3	0
Otu4434	14	3	0
Otu4435	6	3	0
Otu4436	4	3	0
Otu4437	1	3	0
Otu4438	1	3	0
Otu4439	1	3	0
Otu4440	1	3	0
Otu4441	1	3	0
Otu4442	0	3	0
Otu4443	0	3	0
Otu4444	0	3	0
Otu4445	0	3	0
Otu4446	0	3	0
Otu4447	0	3	0
Otu4448	0	3	0
Otu4449	0	3	0
Otu4450	0	3	0
Otu4451	0	3	0
Otu4452	0	3	0
Otu4453	0	3	0
Otu4454	0	3	0
Otu4455	0	3	0
Otu4456	0	3	0
Otu4457	0	3	0
Otu4458	0	3	0
Otu4459	0	3	0
Otu4460	0	3	0
Otu4461	0	3	0
Otu4462	0	3	0
Otu4463	0	3	0
Otu4464	0	3	0
Otu4465	0	3	0
Otu4466	0	3	0
Otu4467	0	3	0
Otu4468	0	3	0
Otu4469	0	3	0
Otu4470	0	3	0
Otu4471	0	3	0
Otu4472	0	3	0
Otu4473	0	3	0
Otu4474	0	3	0
Otu4475	0	3	0
Otu4476	0	3	0
Otu4477	0	3	0
Otu4478	0	3	0
Otu4479	0	3	0
Otu4480	0	3	0
Otu4481	0	3	0
Otu4482	0	3	0
Otu4483	0	3	0
Otu4484	0	3	0
Otu4485	0	3	0
Otu4486	0	3	0
Otu4487	0	3	0
Otu4488	0	3	0
Otu4489	0	3	0
Otu4490	0	3	0
Otu4491	0	3	0
Otu4492	0	3	0
Otu4493	72	2	0
Otu4494	71	2	0
Otu4495	63	2	0
Otu4496	51	2	0
Otu4497	50	2	0
Otu4498	46	2	0
Otu4499	39	2	0
Otu4500	36	2	0
Otu4501	32	2	0
Otu4502	32	2	0
Otu4503	30	2	0
Otu4504	22	2	0
Otu4505	18	2	0
Otu4506	15	2	0
Otu4507	15	2	0
Otu4508	12	2	0
Otu4509	12	2	0
Otu4510	12	2	0
Otu4511	11	2	0
Otu4512	9	2	0
Otu4513	9	2	0
Otu4514	8	2	0
Otu4515	6	2	0
Otu4516	6	2	0
Otu4517	6	2	0
Otu4518	5	2	0
Otu4519	4	2	0
Otu4520	4	2	0
Otu4521	3	2	0
Otu4522	3	2	0
Otu4523	2	2	0
Otu4524	2	2	0
Otu4525	2	2	0
Otu4526	2	2	0
Otu4527	1	2	0
Otu4528	1	2	0
Otu4529	1	2	0
Otu4530	1	2	0
Otu4531	1	2	0
Otu4532	1	2	0
Otu4533	1	2	0
Otu4534	0	2	0
Otu4535	0	2	0
Otu4536	0	2	0
Otu4537	0	2	0
Otu4538	0	2	0
Otu4539	0	2	0
Otu4540	0	2	0
Otu4541	0	2	0
Otu4542	0	2	0
Otu4543	0	2	0
Otu4544	0	2	0
Otu4545	0	2	0
Otu4546	0	2	0
Otu4547	0	2	0
Otu4548	0	2	0
Otu4549	0	2	0
Otu4550	0	2	0
Otu4551	0	2	0
Otu4552	0	2	0
Otu4553	0	2	0
Otu4554	0	2	0
Otu4555	0	2	0
Otu4556	0	2	0
Otu4557	0	2	0
Otu4558	0	2	0
Otu4559	0	2	0
Otu4560	0	2	0
Otu4561	0	2	0
Otu4562	0	2	0
Otu4563	0	2	0
Otu4564	0	2	0
Otu4565	0	2	0
Otu4566	0	2	0
Otu4567	0	2	0
Otu4568	0	2	0
Otu4569	0	2	0
Otu4570	0	2	0
Otu4571	0	2	0
Otu4572	0	2	0
Otu4573	0	2	0
Otu4574	0	2	0
Otu4575	0	2	0
Otu4576	0	2	0
Otu4577	0	2	0
Otu4578	0	2	0
Otu4579	0	2	0
Otu4580	0	2	0
Otu4581	0	2	0
Otu4582	0	2	0
Otu4583	0	2	0
Otu4584	0	2	0
Otu4585	0	2	0
Otu4586	0	2	0
Otu4587	0	2	0
Otu4588	0	2	0
Otu4589	0	2	0
Otu4590	0	2	0
Otu4591	0	2	0
Otu4592	0	2	0
Otu4593	0	2	0
Otu4594	0	2	0
Otu4595	0	2	0
Otu4596	0	2	0
Otu4597	0	2	0
Otu4598	0	2	0
Otu4599	0	2	0
Otu4600	0	2	0
Otu4601	0	2	0
Otu4602	0	2	0
Otu4603	0	2	0
Otu4604	0	2	0
Otu4605	0	2	0
Otu4606	0	2	0
Otu4607	0	2	0
Otu4608	0	2	0
Otu4609	0	2	0
Otu4610	0	2	0
Otu4611	0	2	0
Otu4612	0	2	0
Otu4613	0	2	0
Otu4614	0	2	0
Otu4615	0	2	0
Otu4616	0	2	0
Otu4617	0	2	0
Otu4618	0	2	0
Otu4619	0	2	0
Otu4620	0	2	0
Otu4621	0	2	0
Otu4622	0	2	0
Otu4623	0	2	0
Otu4624	0	2	0
Otu4625	0	2	0
Otu4626	0	2	0
Otu4627	0	2	0
Otu4628	0	2	0
Otu4629	0	2	0
Otu4630	0	2	0
Otu4631	0	2	0
Otu4632	0	2	0
Otu4633	0	2	0
Otu4634	0	2	0
Otu4635	0	2	0
Otu4636	0	2	0
Otu4637	0	2	0
Otu4638	0	2	0
Otu4639	0	2	0
Otu4640	0	2	0
Otu4641	0	2	0
Otu4642	0	2	0
Otu4643	0	2	0
Otu4644	0	2	0
Otu4645	0	2	0
Otu4646	0	2	0
Otu4647	0	2	0
Otu4648	0	2	0
Otu4649	0	2	0
Otu4650	0	2	0
Otu4651	0	2	0
Otu4652	0	2	0
Otu4653	0	2	0
Otu4654	0	2	0
Otu4655	0	2	0
Otu4656	0	2	0
Otu4657	0	2	0
Otu4658	0	2	0
Otu4659	69	1	0
Otu4660	60	1	0
Otu4661	58	1	0
Otu4662	49	1	0
Otu4663	48	1	0
Otu4664	44	1	0
Otu4665	44	1	0
Otu4666	40	1	0
Otu4667	35	1	0
Otu4668	32	1	0
Otu4669	32	1	0
Otu4670	31	1	0
Otu4671	31	1	0
Otu4672	30	1	0
Otu4673	30	1	0
Otu4674	30	1	0
Otu4675	26	1	0
Otu4676	24	1	0
Otu4677	23	1	0
Otu4678	22	1	0
Otu4679	19	1	0
Otu4680	18	1	0
Otu4681	18	1	0
Otu4682	17	1	0
Otu4683	17	1	0
Otu4684	16	1	0
Otu4685	16	1	0
Otu4686	15	1	0
Otu4687	14	1	0
Otu4688	14	1	0
Otu4689	14	1	0
Otu4690	13	1	0
Otu4691	12	1	0
Otu4692	12	1	0
Otu4693	11	1	0
Otu4694	11	1	0
Otu4695	11	1	0
Otu4696	10	1	0
Otu4697	10	1	0
Otu4698	10	1	0
Otu4699	9	1	0
Otu4700	9	1	0
Otu4701	9	1	0
Otu4702	9	1	0
Otu4703	9	1	0
Otu4704	9	1	0
Otu4705	8	1	0
Otu4706	8	1	0
Otu4707	8	1	0
Otu4708	8	1	0
Otu4709	7	1	0
Otu4710	7	1	0
Otu4711	7	1	0
Otu4712	6	1	0
Otu4713	6	1	0
Otu4714	6	1	0
Otu4715	6	1	0
Otu4716	5	1	0
Otu4717	5	1	0
Otu4718	5	1	0
Otu4719	5	1	0
Otu4720	5	1	0
Otu4721	5	1	0
Otu4722	5	1	0
Otu4723	4	1	0
Otu4724	4	1	0
Otu4725	4	1	0
Otu4726	4	1	0
Otu4727	4	1	0
Otu4728	4	1	0
Otu4729	3	1	0
Otu4730	3	1	0
Otu4731	3	1	0
Otu4732	3	1	0
Otu4733	3	1	0
Otu4734	3	1	0
Otu4735	3	1	0
Otu4736	2	1	0
Otu4737	2	1	0
Otu4738	2	1	0
Otu4739	2	1	0
Otu4740	2	1	0
Otu4741	2	1	0
Otu4742	2	1	0
Otu4743	2	1	0
Otu4744	2	1	0
Otu4745	2	1	0
Otu4746	2	1	0
Otu4747	2	1	0
Otu4748	1	1	0
Otu4749	1	1	0
Otu4750	1	1	0
Otu4751	1	1	0
Otu4752	1	1	0
Otu4753	1	1	0
Otu4754	1	1	0
Otu4755	1	1	0
Otu4756	1	1	0
Otu4757	1	1	0
Otu4758	1	1	0
Otu4759	1	1	0
Otu4760	1	1	0
Otu4761	1	1	0
Otu4762	1	1	0
Otu4763	1	1	0
Otu4764	1	1	0
Otu4765	1	1	0
Otu4766	1	1	0
Otu4767	1	1	0
Otu4768	1	1	0
Otu4769	1	1	0
Otu4770	1	1	0
Otu4771	1	1	0
Otu4772	1	1	0
Otu4773	1	1	0
Otu4774	1	1	0
Otu4775	1	1	0
Otu4776	1	1	0
Otu4777	1	1	0
Otu4778	1	1	0
Otu4779	1	1	0
Otu4780	1	1	0
Otu4781	1	1	0
Otu4782	1	1	0
Otu4783	1	1	0
Otu4784	1	1	0
Otu4785	0	1	0
Otu4786	0	1	0
Otu4787	0	1	0
Otu4788	0	1	0
Otu4789	0	1	0
Otu4790	0	1	0
Otu4791	0	1	0
Otu4792	0	1	0
Otu4793	0	1	0
Otu4794	0	1	0
Otu4795	0	1	0
Otu4796	0	1	0
Otu4797	0	1	0
Otu4798	0	1	0
Otu4799	0	1	0
Otu4800	0	1	0
Otu4801	0	1	0
Otu4802	0	1	0
Otu4803	0	1	0
Otu4804	0	1	0
Otu4805	0	1	0
Otu4806	0	1	0
Otu4807	0	1	0
Otu4808	0	1	0
Otu4809	0	1	0
Otu4810	0	1	0
Otu4811	0	1	0
Otu4812	0	1	0
Otu4813	0	1	0
Otu4814	0	1	0
Otu4815	0	1	0
Otu4816	0	1	0
Otu4817	0	1	0
Otu4818	0	1	0
Otu4819	0	1	0
Otu4820	0	1	0
Otu4821	0	1	0
Otu4822	0	1	0
Otu4823	0	1	0
Otu4824	0	1	0
Otu4825	0	1	0
Otu4826	0	1	0
Otu4827	0	1	0
Otu4828	0	1	0
Otu4829	0	1	0
Otu4830	0	1	0
Otu4831	0	1	0
Otu4832	0	1	0
Otu4833	0	1	0
Otu4834	0	1	0
Otu4835	0	1	0
Otu4836	0	1	0
Otu4837	0	1	0
Otu4838	0	1	0
Otu4839	0	1	0
Otu4840	0	1	0
Otu4841	0	1	0
Otu4842	0	1	0
Otu4843	0	1	0
Otu4844	0	1	0
Otu4845	0	1	0
Otu4846	0	1	0
Otu4847	0	1	0
Otu4848	0	1	0
Otu4849	0	1	0
Otu4850	0	1	0
Otu4851	0	1	0
Otu4852	0	1	0
Otu4853	0	1	0
Otu4854	0	1	0
Otu4855	0	1	0
Otu4856	0	1	0
Otu4857	0	1	0
Otu4858	0	1	0
Otu4859	0	1	0
Otu4860	0	1	0
Otu4861	0	1	0
Otu4862	0	1	0
Otu4863	0	1	0
Otu4864	0	1	0
Otu4865	0	1	0
Otu4866	0	1	0
Otu4867	0	1	0
Otu4868	0	1	0
Otu4869	0	1	0
Otu4870	0	1	0
Otu4871	0	1	0
Otu4872	0	1	0
Otu4873	0	1	0
Otu4874	0	1	0
Otu4875	0	1	0
Otu4876	0	1	0
Otu4877	0	1	0
Otu4878	0	1	0
Otu4879	0	1	0
Otu4880	0	1	0
Otu4881	0	1	0
Otu4882	0	1	0
Otu4883	0	1	0
Otu4884	0	1	0
Otu4885	0	1	0
Otu4886	0	1	0
Otu4887	0	1	0
Otu4888	0	1	0
Otu4889	0	1	0
Otu4890	0	1	0
Otu4891	0	1	0
Otu4892	0	1	0
Otu4893	0	1	0
Otu4894	0	1	0
Otu4895	0	1	0
Otu4896	0	1	0
Otu4897	0	1	0
Otu4898	0	1	0
Otu4899	0	1	0
Otu4900	0	1	0
Otu4901	0	1	0
Otu4902	0	1	0
Otu4903	0	1	0
Otu4904	0	1	0
Otu4905	0	1	0
Otu4906	0	1	0
Otu4907	0	1	0
Otu4908	0	1	0
Otu4909	0	1	0
Otu4910	0	1	0
Otu4911	0	1	0
Otu4912	0	1	0
Otu4913	0	1	0
Otu4914	0	1	0
Otu4915	0	1	0
Otu4916	0	1	0
Otu4917	0	1	0
Otu4918	0	1	0
Otu4919	0	1	0
Otu4920	0	1	0
Otu4921	0	1	0
Otu4922	0	1	0
Otu4923	0	1	0
Otu4924	0	1	0
Otu4925	0	1	0
Otu4926	0	1	0
Otu4927	0	1	0
Otu4928	0	1	0
Otu4929	0	1	0
Otu4930	0	1	0
Otu4931	0	1	0
Otu4932	0	1	0
Otu4933	0	1	0
Otu4934	0	1	0
Otu4935	0	1	0
Otu4936	0	1	0
Otu4937	0	1	0
Otu4938	0	1	0
Otu4939	0	1	0
Otu4940	0	1	0
Otu4941	0	1	0
Otu4942	0	1	0
Otu4943	0	1	0
Otu4944	0	1	0
Otu4945	0	1	0
Otu4946	0	1	0
Otu4947	0	1	0
Otu4948	0	1	0
Otu4949	0	1	0
Otu4950	0	1	0
Otu4951	0	1	0
Otu4952	0	1	0
Otu4953	0	1	0
Otu4954	0	1	0
Otu4955	0	1	0
Otu4956	0	1	0
Otu4957	0	1	0
Otu4958	0	1	0
Otu4959	0	1	0
Otu4960	0	1	0
Otu4961	0	1	0
Otu4962	0	1	0
Otu4963	0	1	0
Otu4964	0	1	0
Otu4965	0	1	0
Otu4966	0	1	0
Otu4967	0	1	0
Otu4968	0	1	0
Otu4969	0	1	0
Otu4970	0	1	0
Otu4971	0	1	0
Otu4972	0	1	0
Otu4973	0	1	0
Otu4974	0	1	0
Otu4975	0	1	0
Otu4976	0	1	0
Otu4977	0	1	0
Otu4978	0	1	0
Otu4979	0	1	0
Otu4980	0	1	0
Otu4981	0	1	0
Otu4982	0	1	0
Otu4983	0	1	0
Otu4984	0	1	0
Otu4985	0	1	0
Otu4986	0	1	0
Otu4987	0	1	0
Otu4988	0	1	0
Otu4989	0	1	0
Otu4990	0	1	0
Otu4991	0	1	0
Otu4992	0	1	0
Otu4993	0	1	0
Otu4994	0	1	0
Otu4995	0	1	0
Otu4996	0	1	0
Otu4997	0	1	0
Otu4998	0	1	0
Otu4999	0	1	0
Otu5000	0	1	0
Otu5001	0	1	0
Otu5002	0	1	0
Otu5003	0	1	0
Otu5004	0	1	0
Otu5005	0	1	0
Otu5006	0	1	0
Otu5007	0	1	0
Otu5008	0	1	0
Otu5009	0	1	0
Otu5010	0	1	0
Otu5011	0	1	0
Otu5012	0	1	0
Otu5013	0	1	0
Otu5014	0	1	0
Otu5015	0	1	0
Otu5016	0	1	0
Otu5017	0	1	0
Otu5018	0	1	0
Otu5019	0	1	0
Otu5020	0	1	0
Otu5021	0	1	0
Otu5022	0	1	0
Otu5023	0	1	0
Otu5024	0	1	0
Otu5025	0	1	0
Otu5026	0	1	0
Otu5027	0	1	0
Otu5028	0	1	0
Otu5029	0	1	0
Otu5030	0	1	0
Otu5031	0	1	0
Otu5032	0	1	0
Otu5033	0	1	0
Otu5034	0	1	0
Otu5035	0	1	0
Otu5036	0	1	0
Otu5037	0	1	0
Otu5038	0	1	0
Otu5039	0	1	0
Otu5040	0	1	0
Otu5041	0	1	0
Otu5042	0	1	0
Otu5043	0	1	0
Otu5044	0	1	0
Otu5045	0	1	0
Otu5046	0	1	0
Otu5047	0	1	0
Otu5048	0	1	0
Otu5049	0	1	0
Otu5050	0	1	0
Otu5051	0	1	0
Otu5052	0	1	0
Otu5053	0	1	0
Otu5054	0	1	0
Otu5055	0	1	0
Otu5056	0	1	0
Otu5057	0	1	0
Otu5058	0	1	0
Otu5059	0	1	0
Otu5060	0	1	0
Otu5061	0	1	0
Otu5062	0	1	0
Otu5063	0	1	0
Otu5064	0	1	0
Otu5065	0	1	0
Otu5066	0	1	0
Otu5067	0	1	0
Otu5068	0	1	0
Otu5069	0	1	0
Otu5070	0	1	0
Otu5071	0	1	0
Otu5072	0	1	0
Otu5073	0	1	0
Otu5074	0	1	0
Otu5075	0	1	0
Otu5076	0	1	0
Otu5077	0	1	0
Otu5078	0	1	0
Otu5079	0	1	0
Otu5080	0	1	0
Otu5081	0	1	0
Otu5082	0	1	0
Otu5083	0	1	0
Otu5084	0	1	0
Otu5085	0	1	0
Otu5086	0	1	0
Otu5087	0	1	0
Otu5088	0	1	0
Otu5089	0	1	0
Otu5090	0	1	0
Otu5091	0	1	0
Otu5092	0	1	0
Otu5093	0	1	0
Otu5094	0	1	0
Otu5095	0	1	0
Otu5096	0	1	0
Otu5097	0	1	0
Otu5098	0	1	0
Otu5099	0	1	0
Otu5100	0	1	0
Otu5101	0	1	0
Otu5102	0	1	0
Otu5103	0	1	0
Otu5104	0	1	0
Otu5105	0	1	0
Otu5106	0	1	0
Otu5107	0	1	0
Otu5108	0	1	0
Otu5109	0	1	0
Otu5110	0	1	0
Otu5111	0	1	0
Otu5112	0	1	0
Otu5113	0	1	0
Otu5114	0	1	0
Otu5115	0	1	0
Otu5116	0	1	0
Otu5117	0	1	0
Otu5118	0	1	0
Otu5119	0	1	0
Otu5120	0	1	0
Otu5121	0	1	0
Otu5122	0	1	0
Otu5123	0	1	0
Otu5124	0	1	0
Otu5125	0	1	0
Otu5126	0	1	0
Otu5127	0	1	0
Otu5128	0	1	0
Otu5129	0	1	0
Otu5130	0	1	0
Otu5131	0	1	0
Otu5132	0	1	0
Otu5133	0	1	0
Otu5134	0	1	0
Otu5135	0	1	0
Otu5136	0	1	0
Otu5137	0	1	0
Otu5138	0	1	0
Otu5139	0	1	0
Otu5140	0	1	0
Otu5141	0	1	0
Otu5142	0	1	0
Otu5143	0	1	0
Otu5144	0	1	0
Otu5145	0	1	0
Otu5146	0	1	0
Otu5147	0	1	0
Otu5148	0	1	0
Otu5149	0	1	0
Otu5150	0	1	0
Otu5151	0	1	0
Otu5152	0	1	0
Otu5153	0	1	0
Otu5154	0	1	0
Otu5155	0	1	0
Otu5156	0	1	0
Otu5157	0	1	0
Otu5158	0	1	0
Otu5159	0	1	0
Otu5160	0	1	0
Otu5161	0	1	0
Otu5162	0	1	0
Otu5163	0	1	0
Otu5164	0	1	0
Otu5165	0	1	0
Otu5166	0	1	0
Otu5167	0	1	0
Otu5168	0	1	0
Otu5169	0	1	0
Otu5170	0	1	0
Otu5171	0	1	0
Otu5172	0	1	0
Otu5173	0	1	0
Otu5174	0	1	0
Otu5175	0	1	0
Otu5176	0	1	0
Otu5177	0	1	0
Otu5178	0	1	0
Otu5179	0	1	0
Otu5180	0	1	0
Otu5181	0	1	0
Otu5182	0	1	0
Otu5183	0	1	0
Otu5184	0	1	0
Otu5185	0	1	0
Otu5186	0	1	0
Otu5187	0	1	0
Otu5188	0	1	0
Otu5189	0	1	0
Otu5190	0	1	0
Otu5191	0	1	0
Otu5192	0	1	0
Otu5193	0	1	0
Otu5194	0	1	0
Otu5195	0	1	0
Otu5196	0	1	0
Otu5197	0	1	0
Otu5198	0	1	0
Otu5199	0	1	0
Otu5200	0	1	0
Otu5201	0	1	0
Otu5202	0	1	0
Otu5203	0	1	0
Otu5204	0	1	0
Otu5205	0	1	0
Otu5206	0	1	0
Otu5207	0	1	0
Otu5208	0	1	0
Otu5209	0	1	0
Otu5210	0	1	0
Otu5211	0	1	0
Otu5212	0	1	0
Otu5213	0	1	0
Otu5214	0	1	0
Otu5215	0	1	0
Otu5216	0	1	0
Otu5217	0	1	0
Otu5218	0	1	0
Otu5219	0	1	0
Otu5220	0	1	0
Otu5221	0	1	0
Otu5222	0	1	0
Otu5223	0	1	0
Otu5224	0	1	0
Otu5225	0	1	0
Otu5226	0	1	0
Otu5227	0	1	0
Otu5228	0	1	0
Otu5229	0	1	0
Otu5230	0	1	0
Otu5231	0	1	0
Otu5232	0	1	0
Otu5233	0	1	0
Otu5234	0	1	0
Otu5235	0	1	0
Otu5236	0	1	0
Otu5237	0	1	0
Otu5238	0	1	0
Otu5239	0	1	0
Otu5240	0	1	0
Otu5241	0	1	0
Otu5242	65	0	0
Otu5243	59	0	0
Otu5244	45	0	0
Otu5245	34	0	0
Otu5246	30	0	0
Otu5247	25	0	0
Otu5248	25	0	0
Otu5249	23	0	0
Otu5250	21	0	0
Otu5251	21	0	0
Otu5252	20	0	0
Otu5253	20	0	0
Otu5254	20	0	0
Otu5255	18	0	0
Otu5256	17	0	0
Otu5257	16	0	0
Otu5258	16	0	0
Otu5259	15	0	0
Otu5260	15	0	0
Otu5261	15	0	0
Otu5262	14	0	0
Otu5263	14	0	0
Otu5264	14	0	0
Otu5265	14	0	0
Otu5266	13	0	0
Otu5267	12	0	0
Otu5268	12	0	0
Otu5269	12	0	0
Otu5270	12	0	0
Otu5271	12	0	0
Otu5272	11	0	0
Otu5273	11	0	0
Otu5274	11	0	0
Otu5275	11	0	0
Otu5276	11	0	0
Otu5277	11	0	0
Otu5278	10	0	0
Otu5279	10	0	0
Otu5280	10	0	0
Otu5281	10	0	0
Otu5282	10	0	0
Otu5283	10	0	0
Otu5284	10	0	0
Otu5285	9	0	0
Otu5286	9	0	0
Otu5287	9	0	0
Otu5288	9	0	0
Otu5289	9	0	0
Otu5290	9	0	0
Otu5291	9	0	0
Otu5292	9	0	0
Otu5293	9	0	0
Otu5294	8	0	0
Otu5295	8	0	0
Otu5296	7	0	0
Otu5297	7	0	0
Otu5298	7	0	0
Otu5299	7	0	0
Otu5300	7	0	0
Otu5301	7	0	0
Otu5302	7	0	0
Otu5303	7	0	0
Otu5304	7	0	0
Otu5305	7	0	0
Otu5306	7	0	0
Otu5307	6	0	0
Otu5308	6	0	0
Otu5309	6	0	0
Otu5310	6	0	0
Otu5311	6	0	0
Otu5312	6	0	0
Otu5313	6	0	0
Otu5314	6	0	0
Otu5315	6	0	0
Otu5316	6	0	0
Otu5317	6	0	0
Otu5318	6	0	0
Otu5319	6	0	0
Otu5320	6	0	0
Otu5321	6	0	0
Otu5322	5	0	0
Otu5323	5	0	0
Otu5324	5	0	0
Otu5325	5	0	0
Otu5326	5	0	0
Otu5327	5	0	0
Otu5328	5	0	0
Otu5329	5	0	0
Otu5330	5	0	0
Otu5331	5	0	0
Otu5332	5	0	0
Otu5333	5	0	0
Otu5334	4	0	0
Otu5335	4	0	0
Otu5336	4	0	0
Otu5337	4	0	0
Otu5338	4	0	0
Otu5339	4	0	0
Otu5340	4	0	0
Otu5341	4	0	0
Otu5342	4	0	0
Otu5343	4	0	0
Otu5344	4	0	0
Otu5345	4	0	0
Otu5346	4	0	0
Otu5347	4	0	0
Otu5348	4	0	0
Otu5349	4	0	0
Otu5350	4	0	0
Otu5351	4	0	0
Otu5352	4	0	0
Otu5353	4	0	0
Otu5354	4	0	0
Otu5355	4	0	0
Otu5356	4	0	0
Otu5357	4	0	0
Otu5358	4	0	0
Otu5359	4	0	0
Otu5360	4	0	0
Otu5361	4	0	0
Otu5362	4	0	0
Otu5363	4	0	0
Otu5364	4	0	0
Otu5365	4	0	0
Otu5366	4	0	0
Otu5367	3	0	0
Otu5368	3	0	0
Otu5369	3	0	0
Otu5370	3	0	0
Otu5371	3	0	0
Otu5372	3	0	0
Otu5373	3	0	0
Otu5374	3	0	0
Otu5375	3	0	0
Otu5376	3	0	0
Otu5377	3	0	0
Otu5378	3	0	0
Otu5379	3	0	0
Otu5380	3	0	0
Otu5381	3	0	0
Otu5382	3	0	0
Otu5383	3	0	0
Otu5384	3	0	0
Otu5385	3	0	0
Otu5386	3	0	0
Otu5387	3	0	0
Otu5388	3	0	0
Otu5389	3	0	0
Otu5390	3	0	0
Otu5391	3	0	0
Otu5392	3	0	0
Otu5393	3	0	0
Otu5394	3	0	0
Otu5395	3	0	0
Otu5396	3	0	0
Otu5397	3	0	0
Otu5398	3	0	0
Otu5399	3	0	0
Otu5400	3	0	0
Otu5401	3	0	0
Otu5402	3	0	0
Otu5403	3	0	0
Otu5404	2	0	0
Otu5405	2	0	0
Otu5406	2	0	0
Otu5407	2	0	0
Otu5408	2	0	0
Otu5409	2	0	0
Otu5410	2	0	0
Otu5411	2	0	0
Otu5412	2	0	0
Otu5413	2	0	0
Otu5414	2	0	0
Otu5415	2	0	0
Otu5416	2	0	0
Otu5417	2	0	0
Otu5418	2	0	0
Otu5419	2	0	0
Otu5420	2	0	0
Otu5421	2	0	0
Otu5422	2	0	0
Otu5423	2	0	0
Otu5424	2	0	0
Otu5425	2	0	0
Otu5426	2	0	0
Otu5427	2	0	0
Otu5428	2	0	0
Otu5429	2	0	0
Otu5430	2	0	0
Otu5431	2	0	0
Otu5432	2	0	0
Otu5433	2	0	0
Otu5434	2	0	0
Otu5435	2	0	0
Otu5436	2	0	0
Otu5437	2	0	0
Otu5438	2	0	0
Otu5439	2	0	0
Otu5440	2	0	0
Otu5441	2	0	0
Otu5442	2	0	0
Otu5443	2	0	0
Otu5444	2	0	0
Otu5445	2	0	0
Otu5446	2	0	0
Otu5447	2	0	0
Otu5448	2	0	0
Otu5449	2	0	0
Otu5450	2	0	0
Otu5451	2	0	0
Otu5452	2	0	0
Otu5453	2	0	0
Otu5454	2	0	0
Otu5455	2	0	0
Otu5456	2	0	0
Otu5457	2	0	0
Otu5458	2	0	0
Otu5459	2	0	0
Otu5460	2	0	0
Otu5461	2	0	0
Otu5462	2	0	0
Otu5463	2	0	0
Otu5464	2	0	0
Otu5465	2	0	0
Otu5466	2	0	0
Otu5467	2	0	0
Otu5468	2	0	0
Otu5469	2	0	0
Otu5470	2	0	0
Otu5471	2	0	0
Otu5472	2	0	0
Otu5473	2	0	0
Otu5474	2	0	0
Otu5475	2	0	0
Otu5476	2	0	0
Otu5477	2	0	0
Otu5478	2	0	0
Otu5479	2	0	0
Otu5480	2	0	0
Otu5481	2	0	0
Otu5482	2	0	0
Otu5483	2	0	0
Otu5484	2	0	0
Otu5485	2	0	0
Otu5486	2	0	0
Otu5487	2	0	0
Otu5488	2	0	0
Otu5489	2	0	0
Otu5490	2	0	0
Otu5491	2	0	0
Otu5492	2	0	0
Otu5493	2	0	0
Otu5494	1	0	0
Otu5495	1	0	0
Otu5496	1	0	0
Otu5497	1	0	0
Otu5498	1	0	0
Otu5499	1	0	0
Otu5500	1	0	0
Otu5501	1	0	0
Otu5502	1	0	0
Otu5503	1	0	0
Otu5504	1	0	0
Otu5505	1	0	0
Otu5506	1	0	0
Otu5507	1	0	0
Otu5508	1	0	0
Otu5509	1	0	0
Otu5510	1	0	0
Otu5511	1	0	0
Otu5512	1	0	0
Otu5513	1	0	0
Otu5514	1	0	0
Otu5515	1	0	0
Otu5516	1	0	0
Otu5517	1	0	0
Otu5518	1	0	0
Otu5519	1	0	0
Otu5520	1	0	0
Otu5521	1	0	0
Otu5522	1	0	0
Otu5523	1	0	0
Otu5524	1	0	0
Otu5525	1	0	0
Otu5526	1	0	0
Otu5527	1	0	0
Otu5528	1	0	0
Otu5529	1	0	0
Otu5530	1	0	0
Otu5531	1	0	0
Otu5532	1	0	0
Otu5533	1	0	0
Otu5534	1	0	0
Otu5535	1	0	0
Otu5536	1	0	0
Otu5537	1	0	0
Otu5538	1	0	0
Otu5539	1	0	0
Otu5540	1	0	0
Otu5541	1	0	0
Otu5542	1	0	0
Otu5543	1	0	0
Otu5544	1	0	0
Otu5545	1	0	0
Otu5546	1	0	0
Otu5547	1	0	0
Otu5548	1	0	0
Otu5549	1	0	0
Otu5550	1	0	0
Otu5551	1	0	0
Otu5552	1	0	0
Otu5553	1	0	0
Otu5554	1	0	0
Otu5555	1	0	0
Otu5556	1	0	0
Otu5557	1	0	0
Otu5558	1	0	0
Otu5559	1	0	0
Otu5560	1	0	0
Otu5561	1	0	0
Otu5562	1	0	0
Otu5563	1	0	0
Otu5564	1	0	0
Otu5565	1	0	0
Otu5566	1	0	0
Otu5567	1	0	0
Otu5568	1	0	0
Otu5569	1	0	0
Otu5570	1	0	0
Otu5571	1	0	0
Otu5572	1	0	0
Otu5573	1	0	0
Otu5574	1	0	0
Otu5575	1	0	0
Otu5576	1	0	0
Otu5577	1	0	0
Otu5578	1	0	0
Otu5579	1	0	0
Otu5580	1	0	0
Otu5581	1	0	0
Otu5582	1	0	0
Otu5583	1	0	0
Otu5584	1	0	0
Otu5585	1	0	0
Otu5586	1	0	0
Otu5587	1	0	0
Otu5588	1	0	0
Otu5589	1	0	0
Otu5590	1	0	0
Otu5591	1	0	0
Otu5592	1	0	0
Otu5593	1	0	0
Otu5594	1	0	0
Otu5595	1	0	0
Otu5596	1	0	0
Otu5597	1	0	0
Otu5598	1	0	0
Otu5599	1	0	0
Otu5600	1	0	0
Otu5601	1	0	0
Otu5602	1	0	0
Otu5603	1	0	0
Otu5604	1	0	0
Otu5605	1	0	0
Otu5606	1	0	0
Otu5607	1	0	0
Otu5608	1	0	0
Otu5609	1	0	0
Otu5610	1	0	0
Otu5611	1	0	0
Otu5612	1	0	0
Otu5613	1	0	0
Otu5614	1	0	0
Otu5615	1	0	0
Otu5616	1	0	0
Otu5617	1	0	0
Otu5618	1	0	0
Otu5619	1	0	0
Otu5620	1	0	0
Otu5621	1	0	0
Otu5622	1	0	0
Otu5623	1	0	0
Otu5624	1	0	0
Otu5625	1	0	0
Otu5626	1	0	0
Otu5627	1	0	0
Otu5628	1	0	0
Otu5629	1	0	0
Otu5630	1	0	0
Otu5631	1	0	0
Otu5632	1	0	0
Otu5633	1	0	0
Otu5634	1	0	0
Otu5635	1	0	0
Otu5636	1	0	0
Otu5637	1	0	0
Otu5638	1	0	0
Otu5639	1	0	0
Otu5640	1	0	0
Otu5641	1	0	0
Otu5642	1	0	0
Otu5643	1	0	0
Otu5644	1	0	0
Otu5645	1	0	0
Otu5646	1	0	0
Otu5647	1	0	0
Otu5648	1	0	0
Otu5649	1	0	0
Otu5650	1	0	0
Otu5651	1	0	0
Otu5652	1	0	0
Otu5653	1	0	0
Otu5654	1	0	0
Otu5655	1	0	0
Otu5656	1	0	0
Otu5657	1	0	0
Otu5658	1	0	0
Otu5659	1	0	0
Otu5660	1	0	0
Otu5661	1	0	0
Otu5662	1	0	0
Otu5663	1	0	0
Otu5664	1	0	0
Otu5665	1	0	0
Otu5666	1	0	0
Otu5667	1	0	0
Otu5668	1	0	0
Otu5669	1	0	0
Otu5670	1	0	0
Otu5671	1	0	0
Otu5672	1	0	0
Otu5673	1	0	0
Otu5674	1	0	0
Otu5675	1	0	0
Otu5676	1	0	0
Otu5677	1	0	0
Otu5678	1	0	0
Otu5679	1	0	0
Otu5680	1	0	0
Otu5681	1	0	0
Otu5682	1	0	0
Otu5683	1	0	0
Otu5684	1	0	0
Otu5685	1	0	0
Otu5686	1	0	0
Otu5687	1	0	0
Otu5688	1	0	0
Otu5689	1	0	0
Otu5690	1	0	0
Otu5691	1	0	0
Otu5692	1	0	0
Otu5693	1	0	0
Otu5694	1	0	0
Otu5695	1	0	0
Otu5696	1	0	0
Otu5697	1	0	0
Otu5698	1	0	0
Otu5699	1	0	0
Otu5700	1	0	0
Otu5701	1	0	0
Otu5702	1	0	0
Otu5703	1	0	0
Otu5704	1	0	0
Otu5705	1	0	0
Otu5706	1	0	0
Otu5707	1	0	0
Otu5708	1	0	0
Otu5709	1	0	0
Otu5710	1	0	0
Otu5711	1	0	0
Otu5712	1	0	0
Otu5713	1	0	0
Otu5714	1	0	0
Otu5715	1	0	0
Otu5716	1	0	0
Otu5717	1	0	0
Otu5718	1	0	0
Otu5719	1	0	0
Otu5720	1	0	0
Otu5721	1	0	0
Otu5722	1	0	0
Otu5723	1	0	0
Otu5724	1	0	0
Otu5725	1	0	0
Otu5726	1	0	0
Otu5727	1	0	0
Otu5728	1	0	0
Otu5729	1	0	0
Otu5730	1	0	0
Otu5731	1	0	0
Otu5732	1	0	0
Otu5733	1	0	0
Otu5734	1	0	0
Otu5735	1	0	0
Otu5736	1	0	0
Otu5737	1	0	0
Otu5738	1	0	0
Otu5739	1	0	0
Otu5740	1	0	0
Otu5741	1	0	0
Otu5742	1	0	0
Otu5743	1	0	0
Otu5744	1	0	0
Otu5745	1	0	0
Otu5746	1	0	0
Otu5747	1	0	0
Otu5748	1	0	0
Otu5749	1	0	0
Otu5750	1	0	0
Otu5751	1	0	0
Otu5752	1	0	0
Otu5753	1	0	0
Otu5754	1	0	0
Otu5755	1	0	0
Otu5756	1	0	0
Otu5757	1	0	0
Otu5758	1	0	0
Otu5759	1	0	0
Otu5760	1	0	0
Otu5761	1	0	0
Otu5762	1	0	0
Otu5763	1	0	0
Otu5764	1	0	0
Otu5765	1	0	0
Otu5766	1	0	0
Otu5767	1	0	0
Otu5768	1	0	0
Otu5769	1	0	0
Otu5770	1	0	0
Otu5771	1	0	0
Otu5772	1	0	0
Otu5773	1	0	0
Otu5774	1	0	0
Otu5775	1	0	0
Otu5776	1	0	0
Otu5777	1	0	0
Otu5778	1	0	0
Otu5779	1	0	0
Otu5780	1	0	0
